*vertices 1240
1 248776921 0.0 0.0 ellipse name 248776921
2 346524419 0.0 0.0 ellipse name 346524419
3 215051797 0.0 0.0 ellipse name 215051797
4 860175782 0.0 0.0 ellipse name 860175782
5 922897838 0.0 0.0 ellipse name 922897838
6 720412806 0.0 0.0 ellipse name 720412806
7 897068208 0.0 0.0 ellipse name 897068208
8 292351499 0.0 0.0 ellipse name 292351499
9 800626177 0.0 0.0 ellipse name 800626177
10 550863759 0.0 0.0 ellipse name 550863759
11 148704590 0.0 0.0 ellipse name 148704590
12 521088541 0.0 0.0 ellipse name 521088541
13 53656182 0.0 0.0 ellipse name 53656182
14 402205761 0.0 0.0 ellipse name 402205761
15 612383935 0.0 0.0 ellipse name 612383935
16 263103509 0.0 0.0 ellipse name 263103509
17 825739136 0.0 0.0 ellipse name 825739136
18 446861939 0.0 0.0 ellipse name 446861939
19 361936701 0.0 0.0 ellipse name 361936701
20 1168181556 0.0 0.0 ellipse name 1168181556
21 948221167 0.0 0.0 ellipse name 948221167
22 165487670 0.0 0.0 ellipse name 165487670
23 15180725 0.0 0.0 ellipse name 15180725
24 125760659 0.0 0.0 ellipse name 125760659
25 372725654 0.0 0.0 ellipse name 372725654
26 22075926 0.0 0.0 ellipse name 22075926
27 103149792 0.0 0.0 ellipse name 103149792
28 883943828 0.0 0.0 ellipse name 883943828
29 337606928 0.0 0.0 ellipse name 337606928
30 439940374 0.0 0.0 ellipse name 439940374
31 251715092 0.0 0.0 ellipse name 251715092
32 102063373 0.0 0.0 ellipse name 102063373
33 373987981 0.0 0.0 ellipse name 373987981
34 450464278 0.0 0.0 ellipse name 450464278
35 216778941 0.0 0.0 ellipse name 216778941
36 214373359 0.0 0.0 ellipse name 214373359
37 849643159 0.0 0.0 ellipse name 849643159
38 846045974 0.0 0.0 ellipse name 846045974
39 461433562 0.0 0.0 ellipse name 461433562
40 440234164 0.0 0.0 ellipse name 440234164
41 404221608 0.0 0.0 ellipse name 404221608
42 536649951 0.0 0.0 ellipse name 536649951
43 439899010 0.0 0.0 ellipse name 439899010
44 282438704 0.0 0.0 ellipse name 282438704
45 407206121 0.0 0.0 ellipse name 407206121
46 401547717 0.0 0.0 ellipse name 401547717
47 439878714 0.0 0.0 ellipse name 439878714
48 35786224 0.0 0.0 ellipse name 35786224
49 454896579 0.0 0.0 ellipse name 454896579
50 467288735 0.0 0.0 ellipse name 467288735
51 339869252 0.0 0.0 ellipse name 339869252
52 439926591 0.0 0.0 ellipse name 439926591
53 776440717 0.0 0.0 ellipse name 776440717
54 538751915 0.0 0.0 ellipse name 538751915
55 968592626 0.0 0.0 ellipse name 968592626
56 724104636 0.0 0.0 ellipse name 724104636
57 738072955 0.0 0.0 ellipse name 738072955
58 96329419 0.0 0.0 ellipse name 96329419
59 370047117 0.0 0.0 ellipse name 370047117
60 297891272 0.0 0.0 ellipse name 297891272
61 1262888510 0.0 0.0 ellipse name 1262888510
62 572371431 0.0 0.0 ellipse name 572371431
63 366589261 0.0 0.0 ellipse name 366589261
64 619223495 0.0 0.0 ellipse name 619223495
65 97247351 0.0 0.0 ellipse name 97247351
66 384993324 0.0 0.0 ellipse name 384993324
67 1100667703 0.0 0.0 ellipse name 1100667703
68 288966910 0.0 0.0 ellipse name 288966910
69 525351065 0.0 0.0 ellipse name 525351065
70 521927228 0.0 0.0 ellipse name 521927228
71 109851117 0.0 0.0 ellipse name 109851117
72 396088546 0.0 0.0 ellipse name 396088546
73 977906118 0.0 0.0 ellipse name 977906118
74 313330239 0.0 0.0 ellipse name 313330239
75 903293786 0.0 0.0 ellipse name 903293786
76 563751934 0.0 0.0 ellipse name 563751934
77 814669638 0.0 0.0 ellipse name 814669638
78 243672312 0.0 0.0 ellipse name 243672312
79 155522826 0.0 0.0 ellipse name 155522826
80 366002823 0.0 0.0 ellipse name 366002823
81 412329550 0.0 0.0 ellipse name 412329550
82 87749889 0.0 0.0 ellipse name 87749889
83 366211774 0.0 0.0 ellipse name 366211774
84 172738196 0.0 0.0 ellipse name 172738196
85 163110145 0.0 0.0 ellipse name 163110145
86 243576482 0.0 0.0 ellipse name 243576482
87 284416987 0.0 0.0 ellipse name 284416987
88 519795330 0.0 0.0 ellipse name 519795330
89 475159791 0.0 0.0 ellipse name 475159791
90 746560663 0.0 0.0 ellipse name 746560663
91 252139170 0.0 0.0 ellipse name 252139170
92 175098698 0.0 0.0 ellipse name 175098698
93 172234242 0.0 0.0 ellipse name 172234242
94 174611132 0.0 0.0 ellipse name 174611132
95 780619850 0.0 0.0 ellipse name 780619850
96 443718497 0.0 0.0 ellipse name 443718497
97 736866176 0.0 0.0 ellipse name 736866176
98 258508414 0.0 0.0 ellipse name 258508414
99 903776023 0.0 0.0 ellipse name 903776023
100 314120327 0.0 0.0 ellipse name 314120327
101 440041173 0.0 0.0 ellipse name 440041173
102 537594484 0.0 0.0 ellipse name 537594484
103 794209134 0.0 0.0 ellipse name 794209134
104 758727391 0.0 0.0 ellipse name 758727391
105 366814318 0.0 0.0 ellipse name 366814318
106 339206630 0.0 0.0 ellipse name 339206630
107 290935043 0.0 0.0 ellipse name 290935043
108 607506025 0.0 0.0 ellipse name 607506025
109 325474938 0.0 0.0 ellipse name 325474938
110 1175114960 0.0 0.0 ellipse name 1175114960
111 376676261 0.0 0.0 ellipse name 376676261
112 1286956861 0.0 0.0 ellipse name 1286956861
113 834941636 0.0 0.0 ellipse name 834941636
114 824919866 0.0 0.0 ellipse name 824919866
115 268429686 0.0 0.0 ellipse name 268429686
116 257577332 0.0 0.0 ellipse name 257577332
117 122496999 0.0 0.0 ellipse name 122496999
118 846096650 0.0 0.0 ellipse name 846096650
119 472801376 0.0 0.0 ellipse name 472801376
120 189920817 0.0 0.0 ellipse name 189920817
121 81365926 0.0 0.0 ellipse name 81365926
122 213369019 0.0 0.0 ellipse name 213369019
123 539270547 0.0 0.0 ellipse name 539270547
124 388379968 0.0 0.0 ellipse name 388379968
125 744754814 0.0 0.0 ellipse name 744754814
126 1037622438 0.0 0.0 ellipse name 1037622438
127 1050671364 0.0 0.0 ellipse name 1050671364
128 83457362 0.0 0.0 ellipse name 83457362
129 458592633 0.0 0.0 ellipse name 458592633
130 507438667 0.0 0.0 ellipse name 507438667
131 477997983 0.0 0.0 ellipse name 477997983
132 340275338 0.0 0.0 ellipse name 340275338
133 727914086 0.0 0.0 ellipse name 727914086
134 245318801 0.0 0.0 ellipse name 245318801
135 576124748 0.0 0.0 ellipse name 576124748
136 355448510 0.0 0.0 ellipse name 355448510
137 530961326 0.0 0.0 ellipse name 530961326
138 568181332 0.0 0.0 ellipse name 568181332
139 322615892 0.0 0.0 ellipse name 322615892
140 408653485 0.0 0.0 ellipse name 408653485
141 372730011 0.0 0.0 ellipse name 372730011
142 166577768 0.0 0.0 ellipse name 166577768
143 928063596 0.0 0.0 ellipse name 928063596
144 438562258 0.0 0.0 ellipse name 438562258
145 937875374 0.0 0.0 ellipse name 937875374
146 249148955 0.0 0.0 ellipse name 249148955
147 1229880212 0.0 0.0 ellipse name 1229880212
148 440001425 0.0 0.0 ellipse name 440001425
149 191583859 0.0 0.0 ellipse name 191583859
150 343313137 0.0 0.0 ellipse name 343313137
151 834174666 0.0 0.0 ellipse name 834174666
152 1052318005 0.0 0.0 ellipse name 1052318005
153 143788530 0.0 0.0 ellipse name 143788530
154 378692567 0.0 0.0 ellipse name 378692567
155 927634242 0.0 0.0 ellipse name 927634242
156 1091361272 0.0 0.0 ellipse name 1091361272
157 491480192 0.0 0.0 ellipse name 491480192
158 446324565 0.0 0.0 ellipse name 446324565
159 726084637 0.0 0.0 ellipse name 726084637
160 398241603 0.0 0.0 ellipse name 398241603
161 340847937 0.0 0.0 ellipse name 340847937
162 310124750 0.0 0.0 ellipse name 310124750
163 356029556 0.0 0.0 ellipse name 356029556
164 401108637 0.0 0.0 ellipse name 401108637
165 109378339 0.0 0.0 ellipse name 109378339
166 377193684 0.0 0.0 ellipse name 377193684
167 439910171 0.0 0.0 ellipse name 439910171
168 452081098 0.0 0.0 ellipse name 452081098
169 325412331 0.0 0.0 ellipse name 325412331
170 153742805 0.0 0.0 ellipse name 153742805
171 1108297046 0.0 0.0 ellipse name 1108297046
172 595214203 0.0 0.0 ellipse name 595214203
173 464626414 0.0 0.0 ellipse name 464626414
174 877140980 0.0 0.0 ellipse name 877140980
175 758416003 0.0 0.0 ellipse name 758416003
176 895098048 0.0 0.0 ellipse name 895098048
177 822808987 0.0 0.0 ellipse name 822808987
178 14389465 0.0 0.0 ellipse name 14389465
179 484046788 0.0 0.0 ellipse name 484046788
180 537443163 0.0 0.0 ellipse name 537443163
181 135852164 0.0 0.0 ellipse name 135852164
182 825128250 0.0 0.0 ellipse name 825128250
183 442218160 0.0 0.0 ellipse name 442218160
184 284387165 0.0 0.0 ellipse name 284387165
185 586455132 0.0 0.0 ellipse name 586455132
186 440213189 0.0 0.0 ellipse name 440213189
187 333433723 0.0 0.0 ellipse name 333433723
188 234866366 0.0 0.0 ellipse name 234866366
189 1020961 0.0 0.0 ellipse name 1020961
190 856263626 0.0 0.0 ellipse name 856263626
191 890356627 0.0 0.0 ellipse name 890356627
192 1104261996 0.0 0.0 ellipse name 1104261996
193 186014770 0.0 0.0 ellipse name 186014770
194 14082604 0.0 0.0 ellipse name 14082604
195 755001582 0.0 0.0 ellipse name 755001582
196 1133081916 0.0 0.0 ellipse name 1133081916
197 342882000 0.0 0.0 ellipse name 342882000
198 220765621 0.0 0.0 ellipse name 220765621
199 362569912 0.0 0.0 ellipse name 362569912
200 886585189 0.0 0.0 ellipse name 886585189
201 325688238 0.0 0.0 ellipse name 325688238
202 299054227 0.0 0.0 ellipse name 299054227
203 340904468 0.0 0.0 ellipse name 340904468
204 300351612 0.0 0.0 ellipse name 300351612
205 269020837 0.0 0.0 ellipse name 269020837
206 624378710 0.0 0.0 ellipse name 624378710
207 894560179 0.0 0.0 ellipse name 894560179
208 50242320 0.0 0.0 ellipse name 50242320
209 1156549939 0.0 0.0 ellipse name 1156549939
210 551510110 0.0 0.0 ellipse name 551510110
211 93022029 0.0 0.0 ellipse name 93022029
212 116072209 0.0 0.0 ellipse name 116072209
213 138175158 0.0 0.0 ellipse name 138175158
214 971757601 0.0 0.0 ellipse name 971757601
215 947723239 0.0 0.0 ellipse name 947723239
216 182277818 0.0 0.0 ellipse name 182277818
217 1272154814 0.0 0.0 ellipse name 1272154814
218 1039800115 0.0 0.0 ellipse name 1039800115
219 14853679 0.0 0.0 ellipse name 14853679
220 439718790 0.0 0.0 ellipse name 439718790
221 111237839 0.0 0.0 ellipse name 111237839
222 92580421 0.0 0.0 ellipse name 92580421
223 363289066 0.0 0.0 ellipse name 363289066
224 476004470 0.0 0.0 ellipse name 476004470
225 224311353 0.0 0.0 ellipse name 224311353
226 138405384 0.0 0.0 ellipse name 138405384
227 550305657 0.0 0.0 ellipse name 550305657
228 335256943 0.0 0.0 ellipse name 335256943
229 1113945350 0.0 0.0 ellipse name 1113945350
230 873440322 0.0 0.0 ellipse name 873440322
231 159254858 0.0 0.0 ellipse name 159254858
232 1075893272 0.0 0.0 ellipse name 1075893272
233 756531836 0.0 0.0 ellipse name 756531836
234 367296473 0.0 0.0 ellipse name 367296473
235 371644351 0.0 0.0 ellipse name 371644351
236 510276859 0.0 0.0 ellipse name 510276859
237 821149693 0.0 0.0 ellipse name 821149693
238 300760211 0.0 0.0 ellipse name 300760211
239 448086405 0.0 0.0 ellipse name 448086405
240 582286998 0.0 0.0 ellipse name 582286998
241 327809936 0.0 0.0 ellipse name 327809936
242 295780312 0.0 0.0 ellipse name 295780312
243 15709038 0.0 0.0 ellipse name 15709038
244 374670573 0.0 0.0 ellipse name 374670573
245 633790269 0.0 0.0 ellipse name 633790269
246 586093331 0.0 0.0 ellipse name 586093331
247 726004514 0.0 0.0 ellipse name 726004514
248 79047898 0.0 0.0 ellipse name 79047898
249 570782604 0.0 0.0 ellipse name 570782604
250 181490653 0.0 0.0 ellipse name 181490653
251 712079005 0.0 0.0 ellipse name 712079005
252 346037651 0.0 0.0 ellipse name 346037651
253 825856598 0.0 0.0 ellipse name 825856598
254 443844627 0.0 0.0 ellipse name 443844627
255 440064063 0.0 0.0 ellipse name 440064063
256 559769774 0.0 0.0 ellipse name 559769774
257 826743793 0.0 0.0 ellipse name 826743793
258 103510806 0.0 0.0 ellipse name 103510806
259 354373978 0.0 0.0 ellipse name 354373978
260 271327855 0.0 0.0 ellipse name 271327855
261 1085744690 0.0 0.0 ellipse name 1085744690
262 22032592 0.0 0.0 ellipse name 22032592
263 259379402 0.0 0.0 ellipse name 259379402
264 326139218 0.0 0.0 ellipse name 326139218
265 203923941 0.0 0.0 ellipse name 203923941
266 389293118 0.0 0.0 ellipse name 389293118
267 206126511 0.0 0.0 ellipse name 206126511
268 749179873 0.0 0.0 ellipse name 749179873
269 315422090 0.0 0.0 ellipse name 315422090
270 540121716 0.0 0.0 ellipse name 540121716
271 49015446 0.0 0.0 ellipse name 49015446
272 442029194 0.0 0.0 ellipse name 442029194
273 338918217 0.0 0.0 ellipse name 338918217
274 1134750426 0.0 0.0 ellipse name 1134750426
275 713857237 0.0 0.0 ellipse name 713857237
276 338903310 0.0 0.0 ellipse name 338903310
277 394142873 0.0 0.0 ellipse name 394142873
278 439772725 0.0 0.0 ellipse name 439772725
279 405673082 0.0 0.0 ellipse name 405673082
280 179689242 0.0 0.0 ellipse name 179689242
281 244007134 0.0 0.0 ellipse name 244007134
282 407116178 0.0 0.0 ellipse name 407116178
283 234344436 0.0 0.0 ellipse name 234344436
284 634780914 0.0 0.0 ellipse name 634780914
285 350244966 0.0 0.0 ellipse name 350244966
286 1125672348 0.0 0.0 ellipse name 1125672348
287 775325726 0.0 0.0 ellipse name 775325726
288 13940892 0.0 0.0 ellipse name 13940892
289 157355883 0.0 0.0 ellipse name 157355883
290 307530329 0.0 0.0 ellipse name 307530329
291 298471976 0.0 0.0 ellipse name 298471976
292 353505049 0.0 0.0 ellipse name 353505049
293 415380520 0.0 0.0 ellipse name 415380520
294 834358693 0.0 0.0 ellipse name 834358693
295 754552830 0.0 0.0 ellipse name 754552830
296 732335118 0.0 0.0 ellipse name 732335118
297 198572776 0.0 0.0 ellipse name 198572776
298 113623127 0.0 0.0 ellipse name 113623127
299 373495113 0.0 0.0 ellipse name 373495113
300 338312500 0.0 0.0 ellipse name 338312500
301 1037478672 0.0 0.0 ellipse name 1037478672
302 251553185 0.0 0.0 ellipse name 251553185
303 575157360 0.0 0.0 ellipse name 575157360
304 1022138756 0.0 0.0 ellipse name 1022138756
305 250185439 0.0 0.0 ellipse name 250185439
306 439365900 0.0 0.0 ellipse name 439365900
307 593789523 0.0 0.0 ellipse name 593789523
308 205372630 0.0 0.0 ellipse name 205372630
309 1105954622 0.0 0.0 ellipse name 1105954622
310 138027706 0.0 0.0 ellipse name 138027706
311 110001397 0.0 0.0 ellipse name 110001397
312 419555368 0.0 0.0 ellipse name 419555368
313 82693647 0.0 0.0 ellipse name 82693647
314 202924543 0.0 0.0 ellipse name 202924543
315 236558463 0.0 0.0 ellipse name 236558463
316 306819336 0.0 0.0 ellipse name 306819336
317 37671946 0.0 0.0 ellipse name 37671946
318 423457774 0.0 0.0 ellipse name 423457774
319 1076382494 0.0 0.0 ellipse name 1076382494
320 933942882 0.0 0.0 ellipse name 933942882
321 350658808 0.0 0.0 ellipse name 350658808
322 625399862 0.0 0.0 ellipse name 625399862
323 890324971 0.0 0.0 ellipse name 890324971
324 380767276 0.0 0.0 ellipse name 380767276
325 635252559 0.0 0.0 ellipse name 635252559
326 310859499 0.0 0.0 ellipse name 310859499
327 268778384 0.0 0.0 ellipse name 268778384
328 171027226 0.0 0.0 ellipse name 171027226
329 715883107 0.0 0.0 ellipse name 715883107
330 461028985 0.0 0.0 ellipse name 461028985
331 302839621 0.0 0.0 ellipse name 302839621
332 345498273 0.0 0.0 ellipse name 345498273
333 301851908 0.0 0.0 ellipse name 301851908
334 429234489 0.0 0.0 ellipse name 429234489
335 470497187 0.0 0.0 ellipse name 470497187
336 237706345 0.0 0.0 ellipse name 237706345
337 922589647 0.0 0.0 ellipse name 922589647
338 552436230 0.0 0.0 ellipse name 552436230
339 440070216 0.0 0.0 ellipse name 440070216
340 948351427 0.0 0.0 ellipse name 948351427
341 490441255 0.0 0.0 ellipse name 490441255
342 869782304 0.0 0.0 ellipse name 869782304
343 481961489 0.0 0.0 ellipse name 481961489
344 718397376 0.0 0.0 ellipse name 718397376
345 565166725 0.0 0.0 ellipse name 565166725
346 552183336 0.0 0.0 ellipse name 552183336
347 568830940 0.0 0.0 ellipse name 568830940
348 196257482 0.0 0.0 ellipse name 196257482
349 381409642 0.0 0.0 ellipse name 381409642
350 940776751 0.0 0.0 ellipse name 940776751
351 560086158 0.0 0.0 ellipse name 560086158
352 251143940 0.0 0.0 ellipse name 251143940
353 539850491 0.0 0.0 ellipse name 539850491
354 631131909 0.0 0.0 ellipse name 631131909
355 341526436 0.0 0.0 ellipse name 341526436
356 623447336 0.0 0.0 ellipse name 623447336
357 292531390 0.0 0.0 ellipse name 292531390
358 185352629 0.0 0.0 ellipse name 185352629
359 392648563 0.0 0.0 ellipse name 392648563
360 492871320 0.0 0.0 ellipse name 492871320
361 378033676 0.0 0.0 ellipse name 378033676
362 945469045 0.0 0.0 ellipse name 945469045
363 725239838 0.0 0.0 ellipse name 725239838
364 342717631 0.0 0.0 ellipse name 342717631
365 249255217 0.0 0.0 ellipse name 249255217
366 325201267 0.0 0.0 ellipse name 325201267
367 603419824 0.0 0.0 ellipse name 603419824
368 440054271 0.0 0.0 ellipse name 440054271
369 439697088 0.0 0.0 ellipse name 439697088
370 519601000 0.0 0.0 ellipse name 519601000
371 775707788 0.0 0.0 ellipse name 775707788
372 196937969 0.0 0.0 ellipse name 196937969
373 787142538 0.0 0.0 ellipse name 787142538
374 498914682 0.0 0.0 ellipse name 498914682
375 886330032 0.0 0.0 ellipse name 886330032
376 310979751 0.0 0.0 ellipse name 310979751
377 343420741 0.0 0.0 ellipse name 343420741
378 983465148 0.0 0.0 ellipse name 983465148
379 372261491 0.0 0.0 ellipse name 372261491
380 622842340 0.0 0.0 ellipse name 622842340
381 123798828 0.0 0.0 ellipse name 123798828
382 465590004 0.0 0.0 ellipse name 465590004
383 636281168 0.0 0.0 ellipse name 636281168
384 207128229 0.0 0.0 ellipse name 207128229
385 221915152 0.0 0.0 ellipse name 221915152
386 463769241 0.0 0.0 ellipse name 463769241
387 446443759 0.0 0.0 ellipse name 446443759
388 560965614 0.0 0.0 ellipse name 560965614
389 546886271 0.0 0.0 ellipse name 546886271
390 929088170 0.0 0.0 ellipse name 929088170
391 311532830 0.0 0.0 ellipse name 311532830
392 173086810 0.0 0.0 ellipse name 173086810
393 1112128999 0.0 0.0 ellipse name 1112128999
394 595755979 0.0 0.0 ellipse name 595755979
395 886115138 0.0 0.0 ellipse name 886115138
396 495660784 0.0 0.0 ellipse name 495660784
397 401291438 0.0 0.0 ellipse name 401291438
398 783825326 0.0 0.0 ellipse name 783825326
399 552525726 0.0 0.0 ellipse name 552525726
400 455179504 0.0 0.0 ellipse name 455179504
401 1034711750 0.0 0.0 ellipse name 1034711750
402 381421679 0.0 0.0 ellipse name 381421679
403 339053124 0.0 0.0 ellipse name 339053124
404 533145625 0.0 0.0 ellipse name 533145625
405 919929980 0.0 0.0 ellipse name 919929980
406 507929944 0.0 0.0 ellipse name 507929944
407 746794910 0.0 0.0 ellipse name 746794910
408 321788782 0.0 0.0 ellipse name 321788782
409 274108894 0.0 0.0 ellipse name 274108894
410 241075269 0.0 0.0 ellipse name 241075269
411 233888762 0.0 0.0 ellipse name 233888762
412 556807351 0.0 0.0 ellipse name 556807351
413 468117200 0.0 0.0 ellipse name 468117200
414 600548737 0.0 0.0 ellipse name 600548737
415 886281685 0.0 0.0 ellipse name 886281685
416 757117530 0.0 0.0 ellipse name 757117530
417 397808591 0.0 0.0 ellipse name 397808591
418 1198174892 0.0 0.0 ellipse name 1198174892
419 223934036 0.0 0.0 ellipse name 223934036
420 326837897 0.0 0.0 ellipse name 326837897
421 947501341 0.0 0.0 ellipse name 947501341
422 415481918 0.0 0.0 ellipse name 415481918
423 974842573 0.0 0.0 ellipse name 974842573
424 422564792 0.0 0.0 ellipse name 422564792
425 633595564 0.0 0.0 ellipse name 633595564
426 930686436 0.0 0.0 ellipse name 930686436
427 474921162 0.0 0.0 ellipse name 474921162
428 173718244 0.0 0.0 ellipse name 173718244
429 127193861 0.0 0.0 ellipse name 127193861
430 1079101093 0.0 0.0 ellipse name 1079101093
431 894704586 0.0 0.0 ellipse name 894704586
432 479908086 0.0 0.0 ellipse name 479908086
433 492834549 0.0 0.0 ellipse name 492834549
434 218783567 0.0 0.0 ellipse name 218783567
435 435205730 0.0 0.0 ellipse name 435205730
436 214834622 0.0 0.0 ellipse name 214834622
437 867837198 0.0 0.0 ellipse name 867837198
438 544130214 0.0 0.0 ellipse name 544130214
439 330861913 0.0 0.0 ellipse name 330861913
440 160634061 0.0 0.0 ellipse name 160634061
441 551010720 0.0 0.0 ellipse name 551010720
442 485382732 0.0 0.0 ellipse name 485382732
443 330189429 0.0 0.0 ellipse name 330189429
444 873770790 0.0 0.0 ellipse name 873770790
445 148732644 0.0 0.0 ellipse name 148732644
446 254200715 0.0 0.0 ellipse name 254200715
447 445555500 0.0 0.0 ellipse name 445555500
448 592684167 0.0 0.0 ellipse name 592684167
449 212988213 0.0 0.0 ellipse name 212988213
450 43867152 0.0 0.0 ellipse name 43867152
451 363214954 0.0 0.0 ellipse name 363214954
452 491127442 0.0 0.0 ellipse name 491127442
453 328323454 0.0 0.0 ellipse name 328323454
454 332802925 0.0 0.0 ellipse name 332802925
455 372364284 0.0 0.0 ellipse name 372364284
456 146379356 0.0 0.0 ellipse name 146379356
457 1000711404 0.0 0.0 ellipse name 1000711404
458 252300831 0.0 0.0 ellipse name 252300831
459 439890368 0.0 0.0 ellipse name 439890368
460 124215545 0.0 0.0 ellipse name 124215545
461 223295078 0.0 0.0 ellipse name 223295078
462 339550366 0.0 0.0 ellipse name 339550366
463 105176304 0.0 0.0 ellipse name 105176304
464 904586101 0.0 0.0 ellipse name 904586101
465 546798880 0.0 0.0 ellipse name 546798880
466 439952104 0.0 0.0 ellipse name 439952104
467 446203590 0.0 0.0 ellipse name 446203590
468 1035525457 0.0 0.0 ellipse name 1035525457
469 456923877 0.0 0.0 ellipse name 456923877
470 1130329532 0.0 0.0 ellipse name 1130329532
471 174520822 0.0 0.0 ellipse name 174520822
472 888106254 0.0 0.0 ellipse name 888106254
473 440022195 0.0 0.0 ellipse name 440022195
474 408428161 0.0 0.0 ellipse name 408428161
475 772164116 0.0 0.0 ellipse name 772164116
476 212205368 0.0 0.0 ellipse name 212205368
477 1295780317 0.0 0.0 ellipse name 1295780317
478 875138480 0.0 0.0 ellipse name 875138480
479 270898307 0.0 0.0 ellipse name 270898307
480 370820366 0.0 0.0 ellipse name 370820366
481 439613832 0.0 0.0 ellipse name 439613832
482 439881315 0.0 0.0 ellipse name 439881315
483 963431016 0.0 0.0 ellipse name 963431016
484 748627172 0.0 0.0 ellipse name 748627172
485 899747815 0.0 0.0 ellipse name 899747815
486 394905347 0.0 0.0 ellipse name 394905347
487 276531642 0.0 0.0 ellipse name 276531642
488 160688497 0.0 0.0 ellipse name 160688497
489 273520016 0.0 0.0 ellipse name 273520016
490 331571263 0.0 0.0 ellipse name 331571263
491 538696450 0.0 0.0 ellipse name 538696450
492 963438182 0.0 0.0 ellipse name 963438182
493 469549320 0.0 0.0 ellipse name 469549320
494 359543751 0.0 0.0 ellipse name 359543751
495 439865122 0.0 0.0 ellipse name 439865122
496 54499099 0.0 0.0 ellipse name 54499099
497 386424856 0.0 0.0 ellipse name 386424856
498 871500223 0.0 0.0 ellipse name 871500223
499 477523895 0.0 0.0 ellipse name 477523895
500 337696245 0.0 0.0 ellipse name 337696245
501 353643481 0.0 0.0 ellipse name 353643481
502 636986761 0.0 0.0 ellipse name 636986761
503 856736198 0.0 0.0 ellipse name 856736198
504 439599010 0.0 0.0 ellipse name 439599010
505 384468962 0.0 0.0 ellipse name 384468962
506 381637661 0.0 0.0 ellipse name 381637661
507 1021954472 0.0 0.0 ellipse name 1021954472
508 406317014 0.0 0.0 ellipse name 406317014
509 458720684 0.0 0.0 ellipse name 458720684
510 122908937 0.0 0.0 ellipse name 122908937
511 808772893 0.0 0.0 ellipse name 808772893
512 899574654 0.0 0.0 ellipse name 899574654
513 565693183 0.0 0.0 ellipse name 565693183
514 575241939 0.0 0.0 ellipse name 575241939
515 545182005 0.0 0.0 ellipse name 545182005
516 260686599 0.0 0.0 ellipse name 260686599
517 541818753 0.0 0.0 ellipse name 541818753
518 457419226 0.0 0.0 ellipse name 457419226
519 393183429 0.0 0.0 ellipse name 393183429
520 517599184 0.0 0.0 ellipse name 517599184
521 439506402 0.0 0.0 ellipse name 439506402
522 517489813 0.0 0.0 ellipse name 517489813
523 488766452 0.0 0.0 ellipse name 488766452
524 523889926 0.0 0.0 ellipse name 523889926
525 478641728 0.0 0.0 ellipse name 478641728
526 800086518 0.0 0.0 ellipse name 800086518
527 1257471092 0.0 0.0 ellipse name 1257471092
528 338532710 0.0 0.0 ellipse name 338532710
529 335412153 0.0 0.0 ellipse name 335412153
530 307566749 0.0 0.0 ellipse name 307566749
531 134728557 0.0 0.0 ellipse name 134728557
532 597406722 0.0 0.0 ellipse name 597406722
533 362493060 0.0 0.0 ellipse name 362493060
534 1080976273 0.0 0.0 ellipse name 1080976273
535 189027353 0.0 0.0 ellipse name 189027353
536 152903648 0.0 0.0 ellipse name 152903648
537 391036309 0.0 0.0 ellipse name 391036309
538 540227526 0.0 0.0 ellipse name 540227526
539 390570556 0.0 0.0 ellipse name 390570556
540 95894610 0.0 0.0 ellipse name 95894610
541 319644979 0.0 0.0 ellipse name 319644979
542 439953725 0.0 0.0 ellipse name 439953725
543 738604598 0.0 0.0 ellipse name 738604598
544 399465672 0.0 0.0 ellipse name 399465672
545 202996467 0.0 0.0 ellipse name 202996467
546 456383284 0.0 0.0 ellipse name 456383284
547 440742152 0.0 0.0 ellipse name 440742152
548 613286705 0.0 0.0 ellipse name 613286705
549 190183853 0.0 0.0 ellipse name 190183853
550 479308582 0.0 0.0 ellipse name 479308582
551 1142461177 0.0 0.0 ellipse name 1142461177
552 914915238 0.0 0.0 ellipse name 914915238
553 387632159 0.0 0.0 ellipse name 387632159
554 919396514 0.0 0.0 ellipse name 919396514
555 182711594 0.0 0.0 ellipse name 182711594
556 308424139 0.0 0.0 ellipse name 308424139
557 277365127 0.0 0.0 ellipse name 277365127
558 338892165 0.0 0.0 ellipse name 338892165
559 188286611 0.0 0.0 ellipse name 188286611
560 52255905 0.0 0.0 ellipse name 52255905
561 472858073 0.0 0.0 ellipse name 472858073
562 542760071 0.0 0.0 ellipse name 542760071
563 1130902040 0.0 0.0 ellipse name 1130902040
564 211272790 0.0 0.0 ellipse name 211272790
565 481470205 0.0 0.0 ellipse name 481470205
566 962309982 0.0 0.0 ellipse name 962309982
567 384183647 0.0 0.0 ellipse name 384183647
568 516700396 0.0 0.0 ellipse name 516700396
569 459061049 0.0 0.0 ellipse name 459061049
570 632556512 0.0 0.0 ellipse name 632556512
571 928481484 0.0 0.0 ellipse name 928481484
572 630859493 0.0 0.0 ellipse name 630859493
573 556678948 0.0 0.0 ellipse name 556678948
574 400225223 0.0 0.0 ellipse name 400225223
575 1115315528 0.0 0.0 ellipse name 1115315528
576 466212119 0.0 0.0 ellipse name 466212119
577 461025334 0.0 0.0 ellipse name 461025334
578 218488846 0.0 0.0 ellipse name 218488846
579 262721500 0.0 0.0 ellipse name 262721500
580 226820361 0.0 0.0 ellipse name 226820361
581 869363899 0.0 0.0 ellipse name 869363899
582 967785169 0.0 0.0 ellipse name 967785169
583 163154797 0.0 0.0 ellipse name 163154797
584 597662112 0.0 0.0 ellipse name 597662112
585 952660266 0.0 0.0 ellipse name 952660266
586 811026984 0.0 0.0 ellipse name 811026984
587 462174329 0.0 0.0 ellipse name 462174329
588 439882576 0.0 0.0 ellipse name 439882576
589 312175619 0.0 0.0 ellipse name 312175619
590 968047064 0.0 0.0 ellipse name 968047064
591 621731957 0.0 0.0 ellipse name 621731957
592 286248161 0.0 0.0 ellipse name 286248161
593 350901205 0.0 0.0 ellipse name 350901205
594 526210626 0.0 0.0 ellipse name 526210626
595 554506648 0.0 0.0 ellipse name 554506648
596 440041026 0.0 0.0 ellipse name 440041026
597 862725577 0.0 0.0 ellipse name 862725577
598 523889870 0.0 0.0 ellipse name 523889870
599 307951725 0.0 0.0 ellipse name 307951725
600 421979896 0.0 0.0 ellipse name 421979896
601 372665737 0.0 0.0 ellipse name 372665737
602 1246295678 0.0 0.0 ellipse name 1246295678
603 435642793 0.0 0.0 ellipse name 435642793
604 614072804 0.0 0.0 ellipse name 614072804
605 459537332 0.0 0.0 ellipse name 459537332
606 963427838 0.0 0.0 ellipse name 963427838
607 283974816 0.0 0.0 ellipse name 283974816
608 378495192 0.0 0.0 ellipse name 378495192
609 306777044 0.0 0.0 ellipse name 306777044
610 19363946 0.0 0.0 ellipse name 19363946
611 998125328 0.0 0.0 ellipse name 998125328
612 342026762 0.0 0.0 ellipse name 342026762
613 759291788 0.0 0.0 ellipse name 759291788
614 776668788 0.0 0.0 ellipse name 776668788
615 364892086 0.0 0.0 ellipse name 364892086
616 624546862 0.0 0.0 ellipse name 624546862
617 1035360744 0.0 0.0 ellipse name 1035360744
618 330262930 0.0 0.0 ellipse name 330262930
619 802962692 0.0 0.0 ellipse name 802962692
620 874156518 0.0 0.0 ellipse name 874156518
621 490399802 0.0 0.0 ellipse name 490399802
622 221787125 0.0 0.0 ellipse name 221787125
623 125940335 0.0 0.0 ellipse name 125940335
624 158101406 0.0 0.0 ellipse name 158101406
625 245975712 0.0 0.0 ellipse name 245975712
626 55175806 0.0 0.0 ellipse name 55175806
627 66197684 0.0 0.0 ellipse name 66197684
628 393186559 0.0 0.0 ellipse name 393186559
629 424863847 0.0 0.0 ellipse name 424863847
630 223744464 0.0 0.0 ellipse name 223744464
631 578697216 0.0 0.0 ellipse name 578697216
632 417240071 0.0 0.0 ellipse name 417240071
633 22610091 0.0 0.0 ellipse name 22610091
634 288061487 0.0 0.0 ellipse name 288061487
635 389452031 0.0 0.0 ellipse name 389452031
636 535997236 0.0 0.0 ellipse name 535997236
637 851481421 0.0 0.0 ellipse name 851481421
638 561432088 0.0 0.0 ellipse name 561432088
639 260360584 0.0 0.0 ellipse name 260360584
640 393966012 0.0 0.0 ellipse name 393966012
641 406892018 0.0 0.0 ellipse name 406892018
642 1118910984 0.0 0.0 ellipse name 1118910984
643 426784566 0.0 0.0 ellipse name 426784566
644 343833984 0.0 0.0 ellipse name 343833984
645 329896539 0.0 0.0 ellipse name 329896539
646 606676641 0.0 0.0 ellipse name 606676641
647 966881149 0.0 0.0 ellipse name 966881149
648 240230415 0.0 0.0 ellipse name 240230415
649 149437720 0.0 0.0 ellipse name 149437720
650 1103525959 0.0 0.0 ellipse name 1103525959
651 440073310 0.0 0.0 ellipse name 440073310
652 599135999 0.0 0.0 ellipse name 599135999
653 93901159 0.0 0.0 ellipse name 93901159
654 841302926 0.0 0.0 ellipse name 841302926
655 149435224 0.0 0.0 ellipse name 149435224
656 292203254 0.0 0.0 ellipse name 292203254
657 289238223 0.0 0.0 ellipse name 289238223
658 1270481268 0.0 0.0 ellipse name 1270481268
659 829438788 0.0 0.0 ellipse name 829438788
660 168984872 0.0 0.0 ellipse name 168984872
661 345860382 0.0 0.0 ellipse name 345860382
662 446554520 0.0 0.0 ellipse name 446554520
663 897421200 0.0 0.0 ellipse name 897421200
664 525218940 0.0 0.0 ellipse name 525218940
665 872251057 0.0 0.0 ellipse name 872251057
666 161742894 0.0 0.0 ellipse name 161742894
667 558100914 0.0 0.0 ellipse name 558100914
668 229957260 0.0 0.0 ellipse name 229957260
669 439817975 0.0 0.0 ellipse name 439817975
670 382002849 0.0 0.0 ellipse name 382002849
671 377917199 0.0 0.0 ellipse name 377917199
672 279006577 0.0 0.0 ellipse name 279006577
673 1187087904 0.0 0.0 ellipse name 1187087904
674 967549724 0.0 0.0 ellipse name 967549724
675 740004541 0.0 0.0 ellipse name 740004541
676 761894581 0.0 0.0 ellipse name 761894581
677 830696155 0.0 0.0 ellipse name 830696155
678 554975526 0.0 0.0 ellipse name 554975526
679 1092267044 0.0 0.0 ellipse name 1092267044
680 358296311 0.0 0.0 ellipse name 358296311
681 109547925 0.0 0.0 ellipse name 109547925
682 607119164 0.0 0.0 ellipse name 607119164
683 522559373 0.0 0.0 ellipse name 522559373
684 456629778 0.0 0.0 ellipse name 456629778
685 343339308 0.0 0.0 ellipse name 343339308
686 95736048 0.0 0.0 ellipse name 95736048
687 1112206465 0.0 0.0 ellipse name 1112206465
688 963448464 0.0 0.0 ellipse name 963448464
689 368364129 0.0 0.0 ellipse name 368364129
690 194535638 0.0 0.0 ellipse name 194535638
691 235930242 0.0 0.0 ellipse name 235930242
692 399935346 0.0 0.0 ellipse name 399935346
693 249127485 0.0 0.0 ellipse name 249127485
694 439953859 0.0 0.0 ellipse name 439953859
695 1078716564 0.0 0.0 ellipse name 1078716564
696 636172677 0.0 0.0 ellipse name 636172677
697 319283544 0.0 0.0 ellipse name 319283544
698 332158644 0.0 0.0 ellipse name 332158644
699 467352361 0.0 0.0 ellipse name 467352361
700 213974765 0.0 0.0 ellipse name 213974765
701 288647050 0.0 0.0 ellipse name 288647050
702 494237086 0.0 0.0 ellipse name 494237086
703 384482950 0.0 0.0 ellipse name 384482950
704 495820336 0.0 0.0 ellipse name 495820336
705 345462033 0.0 0.0 ellipse name 345462033
706 804278461 0.0 0.0 ellipse name 804278461
707 1242908947 0.0 0.0 ellipse name 1242908947
708 350799421 0.0 0.0 ellipse name 350799421
709 399463778 0.0 0.0 ellipse name 399463778
710 963639331 0.0 0.0 ellipse name 963639331
711 192200577 0.0 0.0 ellipse name 192200577
712 263159496 0.0 0.0 ellipse name 263159496
713 91300444 0.0 0.0 ellipse name 91300444
714 347173031 0.0 0.0 ellipse name 347173031
715 132141518 0.0 0.0 ellipse name 132141518
716 238651731 0.0 0.0 ellipse name 238651731
717 532408687 0.0 0.0 ellipse name 532408687
718 205811840 0.0 0.0 ellipse name 205811840
719 777970172 0.0 0.0 ellipse name 777970172
720 172798299 0.0 0.0 ellipse name 172798299
721 21855643 0.0 0.0 ellipse name 21855643
722 416501311 0.0 0.0 ellipse name 416501311
723 365556494 0.0 0.0 ellipse name 365556494
724 599377411 0.0 0.0 ellipse name 599377411
725 309851030 0.0 0.0 ellipse name 309851030
726 547088423 0.0 0.0 ellipse name 547088423
727 588931511 0.0 0.0 ellipse name 588931511
728 186883138 0.0 0.0 ellipse name 186883138
729 236855701 0.0 0.0 ellipse name 236855701
730 564436598 0.0 0.0 ellipse name 564436598
731 968046266 0.0 0.0 ellipse name 968046266
732 123373755 0.0 0.0 ellipse name 123373755
733 1082452224 0.0 0.0 ellipse name 1082452224
734 923867281 0.0 0.0 ellipse name 923867281
735 302661513 0.0 0.0 ellipse name 302661513
736 440234067 0.0 0.0 ellipse name 440234067
737 166055502 0.0 0.0 ellipse name 166055502
738 558022563 0.0 0.0 ellipse name 558022563
739 910254840 0.0 0.0 ellipse name 910254840
740 831178884 0.0 0.0 ellipse name 831178884
741 414220057 0.0 0.0 ellipse name 414220057
742 250703825 0.0 0.0 ellipse name 250703825
743 280103239 0.0 0.0 ellipse name 280103239
744 283932159 0.0 0.0 ellipse name 283932159
745 372726568 0.0 0.0 ellipse name 372726568
746 459133213 0.0 0.0 ellipse name 459133213
747 159578844 0.0 0.0 ellipse name 159578844
748 214869225 0.0 0.0 ellipse name 214869225
749 535735538 0.0 0.0 ellipse name 535735538
750 1073986831 0.0 0.0 ellipse name 1073986831
751 99349258 0.0 0.0 ellipse name 99349258
752 595724519 0.0 0.0 ellipse name 595724519
753 587569550 0.0 0.0 ellipse name 587569550
754 833793734 0.0 0.0 ellipse name 833793734
755 554904929 0.0 0.0 ellipse name 554904929
756 599890117 0.0 0.0 ellipse name 599890117
757 330863645 0.0 0.0 ellipse name 330863645
758 714682681 0.0 0.0 ellipse name 714682681
759 1032919549 0.0 0.0 ellipse name 1032919549
760 260696866 0.0 0.0 ellipse name 260696866
761 552161791 0.0 0.0 ellipse name 552161791
762 1108759165 0.0 0.0 ellipse name 1108759165
763 1214924528 0.0 0.0 ellipse name 1214924528
764 289974997 0.0 0.0 ellipse name 289974997
765 742767006 0.0 0.0 ellipse name 742767006
766 962331116 0.0 0.0 ellipse name 962331116
767 855874555 0.0 0.0 ellipse name 855874555
768 722000060 0.0 0.0 ellipse name 722000060
769 845236052 0.0 0.0 ellipse name 845236052
770 439609300 0.0 0.0 ellipse name 439609300
771 218352087 0.0 0.0 ellipse name 218352087
772 630956658 0.0 0.0 ellipse name 630956658
773 38925625 0.0 0.0 ellipse name 38925625
774 439921493 0.0 0.0 ellipse name 439921493
775 798153486 0.0 0.0 ellipse name 798153486
776 330926838 0.0 0.0 ellipse name 330926838
777 431476679 0.0 0.0 ellipse name 431476679
778 1178883206 0.0 0.0 ellipse name 1178883206
779 948087890 0.0 0.0 ellipse name 948087890
780 439954677 0.0 0.0 ellipse name 439954677
781 613383028 0.0 0.0 ellipse name 613383028
782 378511269 0.0 0.0 ellipse name 378511269
783 17184065 0.0 0.0 ellipse name 17184065
784 106976481 0.0 0.0 ellipse name 106976481
785 242274167 0.0 0.0 ellipse name 242274167
786 591990696 0.0 0.0 ellipse name 591990696
787 180831624 0.0 0.0 ellipse name 180831624
788 189169595 0.0 0.0 ellipse name 189169595
789 246774403 0.0 0.0 ellipse name 246774403
790 406960264 0.0 0.0 ellipse name 406960264
791 1110892375 0.0 0.0 ellipse name 1110892375
792 89711810 0.0 0.0 ellipse name 89711810
793 459468722 0.0 0.0 ellipse name 459468722
794 28875322 0.0 0.0 ellipse name 28875322
795 534706672 0.0 0.0 ellipse name 534706672
796 1291488500 0.0 0.0 ellipse name 1291488500
797 318002359 0.0 0.0 ellipse name 318002359
798 458427206 0.0 0.0 ellipse name 458427206
799 242385627 0.0 0.0 ellipse name 242385627
800 968052660 0.0 0.0 ellipse name 968052660
801 402743931 0.0 0.0 ellipse name 402743931
802 309101761 0.0 0.0 ellipse name 309101761
803 404268531 0.0 0.0 ellipse name 404268531
804 617097894 0.0 0.0 ellipse name 617097894
805 856919784 0.0 0.0 ellipse name 856919784
806 628096198 0.0 0.0 ellipse name 628096198
807 306644732 0.0 0.0 ellipse name 306644732
808 327916989 0.0 0.0 ellipse name 327916989
809 783677952 0.0 0.0 ellipse name 783677952
810 340179043 0.0 0.0 ellipse name 340179043
811 99091186 0.0 0.0 ellipse name 99091186
812 700476270 0.0 0.0 ellipse name 700476270
813 525844846 0.0 0.0 ellipse name 525844846
814 1267835509 0.0 0.0 ellipse name 1267835509
815 103148638 0.0 0.0 ellipse name 103148638
816 464935394 0.0 0.0 ellipse name 464935394
817 241069136 0.0 0.0 ellipse name 241069136
818 888081578 0.0 0.0 ellipse name 888081578
819 467607978 0.0 0.0 ellipse name 467607978
820 979974440 0.0 0.0 ellipse name 979974440
821 460197306 0.0 0.0 ellipse name 460197306
822 244042300 0.0 0.0 ellipse name 244042300
823 348018831 0.0 0.0 ellipse name 348018831
824 594423928 0.0 0.0 ellipse name 594423928
825 396728612 0.0 0.0 ellipse name 396728612
826 104269965 0.0 0.0 ellipse name 104269965
827 408020594 0.0 0.0 ellipse name 408020594
828 1108017854 0.0 0.0 ellipse name 1108017854
829 245532059 0.0 0.0 ellipse name 245532059
830 269275690 0.0 0.0 ellipse name 269275690
831 1200099577 0.0 0.0 ellipse name 1200099577
832 902392519 0.0 0.0 ellipse name 902392519
833 153650023 0.0 0.0 ellipse name 153650023
834 192284876 0.0 0.0 ellipse name 192284876
835 235135964 0.0 0.0 ellipse name 235135964
836 575550661 0.0 0.0 ellipse name 575550661
837 256460517 0.0 0.0 ellipse name 256460517
838 1151100366 0.0 0.0 ellipse name 1151100366
839 217762239 0.0 0.0 ellipse name 217762239
840 570917959 0.0 0.0 ellipse name 570917959
841 400494569 0.0 0.0 ellipse name 400494569
842 239087179 0.0 0.0 ellipse name 239087179
843 513484909 0.0 0.0 ellipse name 513484909
844 163944195 0.0 0.0 ellipse name 163944195
845 340911728 0.0 0.0 ellipse name 340911728
846 183649308 0.0 0.0 ellipse name 183649308
847 176133843 0.0 0.0 ellipse name 176133843
848 236829833 0.0 0.0 ellipse name 236829833
849 1101831602 0.0 0.0 ellipse name 1101831602
850 381457153 0.0 0.0 ellipse name 381457153
851 244577979 0.0 0.0 ellipse name 244577979
852 456497470 0.0 0.0 ellipse name 456497470
853 714657805 0.0 0.0 ellipse name 714657805
854 435128263 0.0 0.0 ellipse name 435128263
855 814702711 0.0 0.0 ellipse name 814702711
856 415493774 0.0 0.0 ellipse name 415493774
857 714637542 0.0 0.0 ellipse name 714637542
858 342063787 0.0 0.0 ellipse name 342063787
859 226639131 0.0 0.0 ellipse name 226639131
860 386652519 0.0 0.0 ellipse name 386652519
861 1139485464 0.0 0.0 ellipse name 1139485464
862 353525807 0.0 0.0 ellipse name 353525807
863 528738509 0.0 0.0 ellipse name 528738509
864 851643750 0.0 0.0 ellipse name 851643750
865 551621898 0.0 0.0 ellipse name 551621898
866 1021638043 0.0 0.0 ellipse name 1021638043
867 323317101 0.0 0.0 ellipse name 323317101
868 398958805 0.0 0.0 ellipse name 398958805
869 611904470 0.0 0.0 ellipse name 611904470
870 246266349 0.0 0.0 ellipse name 246266349
871 1309889671 0.0 0.0 ellipse name 1309889671
872 338894761 0.0 0.0 ellipse name 338894761
873 279205319 0.0 0.0 ellipse name 279205319
874 231731624 0.0 0.0 ellipse name 231731624
875 23070618 0.0 0.0 ellipse name 23070618
876 403291042 0.0 0.0 ellipse name 403291042
877 875164010 0.0 0.0 ellipse name 875164010
878 815020410 0.0 0.0 ellipse name 815020410
879 277409917 0.0 0.0 ellipse name 277409917
880 886187606 0.0 0.0 ellipse name 886187606
881 439885077 0.0 0.0 ellipse name 439885077
882 1085728484 0.0 0.0 ellipse name 1085728484
883 620885743 0.0 0.0 ellipse name 620885743
884 588554540 0.0 0.0 ellipse name 588554540
885 189930452 0.0 0.0 ellipse name 189930452
886 434772705 0.0 0.0 ellipse name 434772705
887 19406070 0.0 0.0 ellipse name 19406070
888 632723460 0.0 0.0 ellipse name 632723460
889 111638002 0.0 0.0 ellipse name 111638002
890 545206312 0.0 0.0 ellipse name 545206312
891 418470997 0.0 0.0 ellipse name 418470997
892 294158807 0.0 0.0 ellipse name 294158807
893 1179933882 0.0 0.0 ellipse name 1179933882
894 894204258 0.0 0.0 ellipse name 894204258
895 162286548 0.0 0.0 ellipse name 162286548
896 310086965 0.0 0.0 ellipse name 310086965
897 968079265 0.0 0.0 ellipse name 968079265
898 385898244 0.0 0.0 ellipse name 385898244
899 367031247 0.0 0.0 ellipse name 367031247
900 963650527 0.0 0.0 ellipse name 963650527
901 440197166 0.0 0.0 ellipse name 440197166
902 165914536 0.0 0.0 ellipse name 165914536
903 217888085 0.0 0.0 ellipse name 217888085
904 364468797 0.0 0.0 ellipse name 364468797
905 386027821 0.0 0.0 ellipse name 386027821
906 220072881 0.0 0.0 ellipse name 220072881
907 478824694 0.0 0.0 ellipse name 478824694
908 734318269 0.0 0.0 ellipse name 734318269
909 203027885 0.0 0.0 ellipse name 203027885
910 444696681 0.0 0.0 ellipse name 444696681
911 372515123 0.0 0.0 ellipse name 372515123
912 316260762 0.0 0.0 ellipse name 316260762
913 726443119 0.0 0.0 ellipse name 726443119
914 275151245 0.0 0.0 ellipse name 275151245
915 807194089 0.0 0.0 ellipse name 807194089
916 968052043 0.0 0.0 ellipse name 968052043
917 415526836 0.0 0.0 ellipse name 415526836
918 439754658 0.0 0.0 ellipse name 439754658
919 384444332 0.0 0.0 ellipse name 384444332
920 963452448 0.0 0.0 ellipse name 963452448
921 531108720 0.0 0.0 ellipse name 531108720
922 833309354 0.0 0.0 ellipse name 833309354
923 243223797 0.0 0.0 ellipse name 243223797
924 477780010 0.0 0.0 ellipse name 477780010
925 172798554 0.0 0.0 ellipse name 172798554
926 440007136 0.0 0.0 ellipse name 440007136
927 627504811 0.0 0.0 ellipse name 627504811
928 321935341 0.0 0.0 ellipse name 321935341
929 134745124 0.0 0.0 ellipse name 134745124
930 315753944 0.0 0.0 ellipse name 315753944
931 190935474 0.0 0.0 ellipse name 190935474
932 375228642 0.0 0.0 ellipse name 375228642
933 578048914 0.0 0.0 ellipse name 578048914
934 524276924 0.0 0.0 ellipse name 524276924
935 440054201 0.0 0.0 ellipse name 440054201
936 141623350 0.0 0.0 ellipse name 141623350
937 301615806 0.0 0.0 ellipse name 301615806
938 402982672 0.0 0.0 ellipse name 402982672
939 1288558980 0.0 0.0 ellipse name 1288558980
940 397931617 0.0 0.0 ellipse name 397931617
941 968043476 0.0 0.0 ellipse name 968043476
942 110943537 0.0 0.0 ellipse name 110943537
943 424468995 0.0 0.0 ellipse name 424468995
944 168457144 0.0 0.0 ellipse name 168457144
945 181489944 0.0 0.0 ellipse name 181489944
946 372148397 0.0 0.0 ellipse name 372148397
947 358688721 0.0 0.0 ellipse name 358688721
948 291194186 0.0 0.0 ellipse name 291194186
949 152554705 0.0 0.0 ellipse name 152554705
950 623532564 0.0 0.0 ellipse name 623532564
951 38951908 0.0 0.0 ellipse name 38951908
952 266488116 0.0 0.0 ellipse name 266488116
953 1260124670 0.0 0.0 ellipse name 1260124670
954 597281337 0.0 0.0 ellipse name 597281337
955 413326481 0.0 0.0 ellipse name 413326481
956 558577595 0.0 0.0 ellipse name 558577595
957 624690806 0.0 0.0 ellipse name 624690806
958 552926829 0.0 0.0 ellipse name 552926829
959 14727833 0.0 0.0 ellipse name 14727833
960 299656305 0.0 0.0 ellipse name 299656305
961 266571416 0.0 0.0 ellipse name 266571416
962 1109326585 0.0 0.0 ellipse name 1109326585
963 463744028 0.0 0.0 ellipse name 463744028
964 574858497 0.0 0.0 ellipse name 574858497
965 522372746 0.0 0.0 ellipse name 522372746
966 282450532 0.0 0.0 ellipse name 282450532
967 967599834 0.0 0.0 ellipse name 967599834
968 966555548 0.0 0.0 ellipse name 966555548
969 296195455 0.0 0.0 ellipse name 296195455
970 879951853 0.0 0.0 ellipse name 879951853
971 821855382 0.0 0.0 ellipse name 821855382
972 804091141 0.0 0.0 ellipse name 804091141
973 40342569 0.0 0.0 ellipse name 40342569
974 793963927 0.0 0.0 ellipse name 793963927
975 546294213 0.0 0.0 ellipse name 546294213
976 962656681 0.0 0.0 ellipse name 962656681
977 227448889 0.0 0.0 ellipse name 227448889
978 375833741 0.0 0.0 ellipse name 375833741
979 952978808 0.0 0.0 ellipse name 952978808
980 253549290 0.0 0.0 ellipse name 253549290
981 199166110 0.0 0.0 ellipse name 199166110
982 603466119 0.0 0.0 ellipse name 603466119
983 744596072 0.0 0.0 ellipse name 744596072
984 260197739 0.0 0.0 ellipse name 260197739
985 303852793 0.0 0.0 ellipse name 303852793
986 855784026 0.0 0.0 ellipse name 855784026
987 939541902 0.0 0.0 ellipse name 939541902
988 624884205 0.0 0.0 ellipse name 624884205
989 1329266606 0.0 0.0 ellipse name 1329266606
990 334919187 0.0 0.0 ellipse name 334919187
991 77187939 0.0 0.0 ellipse name 77187939
992 394573576 0.0 0.0 ellipse name 394573576
993 395216697 0.0 0.0 ellipse name 395216697
994 505984761 0.0 0.0 ellipse name 505984761
995 386035624 0.0 0.0 ellipse name 386035624
996 184350818 0.0 0.0 ellipse name 184350818
997 342781182 0.0 0.0 ellipse name 342781182
998 498143586 0.0 0.0 ellipse name 498143586
999 279976640 0.0 0.0 ellipse name 279976640
1000 349127957 0.0 0.0 ellipse name 349127957
1001 347938630 0.0 0.0 ellipse name 347938630
1002 293417496 0.0 0.0 ellipse name 293417496
1003 393905704 0.0 0.0 ellipse name 393905704
1004 786148597 0.0 0.0 ellipse name 786148597
1005 1092028980 0.0 0.0 ellipse name 1092028980
1006 823952352 0.0 0.0 ellipse name 823952352
1007 250028251 0.0 0.0 ellipse name 250028251
1008 563784614 0.0 0.0 ellipse name 563784614
1009 340204677 0.0 0.0 ellipse name 340204677
1010 440060833 0.0 0.0 ellipse name 440060833
1011 233671174 0.0 0.0 ellipse name 233671174
1012 810895561 0.0 0.0 ellipse name 810895561
1013 314131038 0.0 0.0 ellipse name 314131038
1014 176395955 0.0 0.0 ellipse name 176395955
1015 481942392 0.0 0.0 ellipse name 481942392
1016 963461527 0.0 0.0 ellipse name 963461527
1017 533412030 0.0 0.0 ellipse name 533412030
1018 635360177 0.0 0.0 ellipse name 635360177
1019 496092346 0.0 0.0 ellipse name 496092346
1020 1127261822 0.0 0.0 ellipse name 1127261822
1021 15813513 0.0 0.0 ellipse name 15813513
1022 384442817 0.0 0.0 ellipse name 384442817
1023 402259157 0.0 0.0 ellipse name 402259157
1024 188268528 0.0 0.0 ellipse name 188268528
1025 331429424 0.0 0.0 ellipse name 331429424
1026 528298959 0.0 0.0 ellipse name 528298959
1027 1262604222 0.0 0.0 ellipse name 1262604222
1028 630563090 0.0 0.0 ellipse name 630563090
1029 439652495 0.0 0.0 ellipse name 439652495
1030 339610974 0.0 0.0 ellipse name 339610974
1031 433727221 0.0 0.0 ellipse name 433727221
1032 159459763 0.0 0.0 ellipse name 159459763
1033 408430566 0.0 0.0 ellipse name 408430566
1034 543568951 0.0 0.0 ellipse name 543568951
1035 276407878 0.0 0.0 ellipse name 276407878
1036 187142833 0.0 0.0 ellipse name 187142833
1037 1048065301 0.0 0.0 ellipse name 1048065301
1038 320971677 0.0 0.0 ellipse name 320971677
1039 382606592 0.0 0.0 ellipse name 382606592
1040 1131697454 0.0 0.0 ellipse name 1131697454
1041 8926842 0.0 0.0 ellipse name 8926842
1042 446924031 0.0 0.0 ellipse name 446924031
1043 897622836 0.0 0.0 ellipse name 897622836
1044 927922560 0.0 0.0 ellipse name 927922560
1045 440172629 0.0 0.0 ellipse name 440172629
1046 746920298 0.0 0.0 ellipse name 746920298
1047 480156934 0.0 0.0 ellipse name 480156934
1048 963401852 0.0 0.0 ellipse name 963401852
1049 344646498 0.0 0.0 ellipse name 344646498
1050 951967004 0.0 0.0 ellipse name 951967004
1051 220438751 0.0 0.0 ellipse name 220438751
1052 847569080 0.0 0.0 ellipse name 847569080
1053 294253683 0.0 0.0 ellipse name 294253683
1054 496201841 0.0 0.0 ellipse name 496201841
1055 521574093 0.0 0.0 ellipse name 521574093
1056 157992354 0.0 0.0 ellipse name 157992354
1057 132911743 0.0 0.0 ellipse name 132911743
1058 432148822 0.0 0.0 ellipse name 432148822
1059 727634334 0.0 0.0 ellipse name 727634334
1060 421084583 0.0 0.0 ellipse name 421084583
1061 109665888 0.0 0.0 ellipse name 109665888
1062 605322695 0.0 0.0 ellipse name 605322695
1063 298618661 0.0 0.0 ellipse name 298618661
1064 219678576 0.0 0.0 ellipse name 219678576
1065 527611696 0.0 0.0 ellipse name 527611696
1066 341498026 0.0 0.0 ellipse name 341498026
1067 296708559 0.0 0.0 ellipse name 296708559
1068 486442334 0.0 0.0 ellipse name 486442334
1069 739174536 0.0 0.0 ellipse name 739174536
1070 886236858 0.0 0.0 ellipse name 886236858
1071 348635959 0.0 0.0 ellipse name 348635959
1072 159465541 0.0 0.0 ellipse name 159465541
1073 1076854848 0.0 0.0 ellipse name 1076854848
1074 353744895 0.0 0.0 ellipse name 353744895
1075 168032654 0.0 0.0 ellipse name 168032654
1076 49577583 0.0 0.0 ellipse name 49577583
1077 967142432 0.0 0.0 ellipse name 967142432
1078 992357000 0.0 0.0 ellipse name 992357000
1079 748088708 0.0 0.0 ellipse name 748088708
1080 603029232 0.0 0.0 ellipse name 603029232
1081 353900212 0.0 0.0 ellipse name 353900212
1082 439828048 0.0 0.0 ellipse name 439828048
1083 142953175 0.0 0.0 ellipse name 142953175
1084 274989915 0.0 0.0 ellipse name 274989915
1085 914471598 0.0 0.0 ellipse name 914471598
1086 364714721 0.0 0.0 ellipse name 364714721
1087 326705066 0.0 0.0 ellipse name 326705066
1088 292819455 0.0 0.0 ellipse name 292819455
1089 845175312 0.0 0.0 ellipse name 845175312
1090 500772176 0.0 0.0 ellipse name 500772176
1091 233222673 0.0 0.0 ellipse name 233222673
1092 929262174 0.0 0.0 ellipse name 929262174
1093 366724745 0.0 0.0 ellipse name 366724745
1094 791283890 0.0 0.0 ellipse name 791283890
1095 760122373 0.0 0.0 ellipse name 760122373
1096 997103677 0.0 0.0 ellipse name 997103677
1097 109940226 0.0 0.0 ellipse name 109940226
1098 440782516 0.0 0.0 ellipse name 440782516
1099 611534333 0.0 0.0 ellipse name 611534333
1100 531063412 0.0 0.0 ellipse name 531063412
1101 502002324 0.0 0.0 ellipse name 502002324
1102 787471760 0.0 0.0 ellipse name 787471760
1103 449960060 0.0 0.0 ellipse name 449960060
1104 586510795 0.0 0.0 ellipse name 586510795
1105 871184742 0.0 0.0 ellipse name 871184742
1106 439896085 0.0 0.0 ellipse name 439896085
1107 521393967 0.0 0.0 ellipse name 521393967
1108 630951130 0.0 0.0 ellipse name 630951130
1109 228420608 0.0 0.0 ellipse name 228420608
1110 481998848 0.0 0.0 ellipse name 481998848
1111 102960291 0.0 0.0 ellipse name 102960291
1112 589872817 0.0 0.0 ellipse name 589872817
1113 339642807 0.0 0.0 ellipse name 339642807
1114 281964318 0.0 0.0 ellipse name 281964318
1115 988872428 0.0 0.0 ellipse name 988872428
1116 439986224 0.0 0.0 ellipse name 439986224
1117 411049351 0.0 0.0 ellipse name 411049351
1118 359293783 0.0 0.0 ellipse name 359293783
1119 245307615 0.0 0.0 ellipse name 245307615
1120 916128716 0.0 0.0 ellipse name 916128716
1121 767015040 0.0 0.0 ellipse name 767015040
1122 384851770 0.0 0.0 ellipse name 384851770
1123 724682472 0.0 0.0 ellipse name 724682472
1124 1194406214 0.0 0.0 ellipse name 1194406214
1125 186791615 0.0 0.0 ellipse name 186791615
1126 500531889 0.0 0.0 ellipse name 500531889
1127 312170633 0.0 0.0 ellipse name 312170633
1128 743341327 0.0 0.0 ellipse name 743341327
1129 19418978 0.0 0.0 ellipse name 19418978
1130 854956363 0.0 0.0 ellipse name 854956363
1131 342659402 0.0 0.0 ellipse name 342659402
1132 774585775 0.0 0.0 ellipse name 774585775
1133 364892280 0.0 0.0 ellipse name 364892280
1134 1014175206 0.0 0.0 ellipse name 1014175206
1135 1192341138 0.0 0.0 ellipse name 1192341138
1136 857759190 0.0 0.0 ellipse name 857759190
1137 199017927 0.0 0.0 ellipse name 199017927
1138 975583800 0.0 0.0 ellipse name 975583800
1139 239857526 0.0 0.0 ellipse name 239857526
1140 702770359 0.0 0.0 ellipse name 702770359
1141 440008937 0.0 0.0 ellipse name 440008937
1142 403262372 0.0 0.0 ellipse name 403262372
1143 558465722 0.0 0.0 ellipse name 558465722
1144 131090174 0.0 0.0 ellipse name 131090174
1145 1285327244 0.0 0.0 ellipse name 1285327244
1146 880350572 0.0 0.0 ellipse name 880350572
1147 502148882 0.0 0.0 ellipse name 502148882
1148 827079728 0.0 0.0 ellipse name 827079728
1149 1264104948 0.0 0.0 ellipse name 1264104948
1150 963616184 0.0 0.0 ellipse name 963616184
1151 61147642 0.0 0.0 ellipse name 61147642
1152 378531471 0.0 0.0 ellipse name 378531471
1153 415623992 0.0 0.0 ellipse name 415623992
1154 488543912 0.0 0.0 ellipse name 488543912
1155 963613542 0.0 0.0 ellipse name 963613542
1156 439864918 0.0 0.0 ellipse name 439864918
1157 1013574445 0.0 0.0 ellipse name 1013574445
1158 456714768 0.0 0.0 ellipse name 456714768
1159 856676790 0.0 0.0 ellipse name 856676790
1160 514158405 0.0 0.0 ellipse name 514158405
1161 598093587 0.0 0.0 ellipse name 598093587
1162 1022429090 0.0 0.0 ellipse name 1022429090
1163 16923399 0.0 0.0 ellipse name 16923399
1164 338650954 0.0 0.0 ellipse name 338650954
1165 264882642 0.0 0.0 ellipse name 264882642
1166 538865064 0.0 0.0 ellipse name 538865064
1167 494844488 0.0 0.0 ellipse name 494844488
1168 430635051 0.0 0.0 ellipse name 430635051
1169 829434332 0.0 0.0 ellipse name 829434332
1170 338884034 0.0 0.0 ellipse name 338884034
1171 377970906 0.0 0.0 ellipse name 377970906
1172 801868542 0.0 0.0 ellipse name 801868542
1173 364725472 0.0 0.0 ellipse name 364725472
1174 439989134 0.0 0.0 ellipse name 439989134
1175 963649700 0.0 0.0 ellipse name 963649700
1176 189552767 0.0 0.0 ellipse name 189552767
1177 259319177 0.0 0.0 ellipse name 259319177
1178 485408408 0.0 0.0 ellipse name 485408408
1179 179540946 0.0 0.0 ellipse name 179540946
1180 21270686 0.0 0.0 ellipse name 21270686
1181 753424832 0.0 0.0 ellipse name 753424832
1182 857923597 0.0 0.0 ellipse name 857923597
1183 1090763666 0.0 0.0 ellipse name 1090763666
1184 475733081 0.0 0.0 ellipse name 475733081
1185 448435738 0.0 0.0 ellipse name 448435738
1186 621924534 0.0 0.0 ellipse name 621924534
1187 530910802 0.0 0.0 ellipse name 530910802
1188 396593095 0.0 0.0 ellipse name 396593095
1189 97368844 0.0 0.0 ellipse name 97368844
1190 956308381 0.0 0.0 ellipse name 956308381
1191 458071335 0.0 0.0 ellipse name 458071335
1192 274557493 0.0 0.0 ellipse name 274557493
1193 439813992 0.0 0.0 ellipse name 439813992
1194 207142371 0.0 0.0 ellipse name 207142371
1195 1289416194 0.0 0.0 ellipse name 1289416194
1196 367943896 0.0 0.0 ellipse name 367943896
1197 439514016 0.0 0.0 ellipse name 439514016
1198 410109980 0.0 0.0 ellipse name 410109980
1199 337766129 0.0 0.0 ellipse name 337766129
1200 491563577 0.0 0.0 ellipse name 491563577
1201 407138050 0.0 0.0 ellipse name 407138050
1202 70929430 0.0 0.0 ellipse name 70929430
1203 194981456 0.0 0.0 ellipse name 194981456
1204 475742588 0.0 0.0 ellipse name 475742588
1205 100345086 0.0 0.0 ellipse name 100345086
1206 465758506 0.0 0.0 ellipse name 465758506
1207 310391016 0.0 0.0 ellipse name 310391016
1208 389981679 0.0 0.0 ellipse name 389981679
1209 76052594 0.0 0.0 ellipse name 76052594
1210 384437264 0.0 0.0 ellipse name 384437264
1211 382152899 0.0 0.0 ellipse name 382152899
1212 509830360 0.0 0.0 ellipse name 509830360
1213 372462926 0.0 0.0 ellipse name 372462926
1214 334891929 0.0 0.0 ellipse name 334891929
1215 877778750 0.0 0.0 ellipse name 877778750
1216 886337694 0.0 0.0 ellipse name 886337694
1217 515561739 0.0 0.0 ellipse name 515561739
1218 305517538 0.0 0.0 ellipse name 305517538
1219 622173794 0.0 0.0 ellipse name 622173794
1220 1076266406 0.0 0.0 ellipse name 1076266406
1221 522239583 0.0 0.0 ellipse name 522239583
1222 482963514 0.0 0.0 ellipse name 482963514
1223 230518072 0.0 0.0 ellipse name 230518072
1224 442909675 0.0 0.0 ellipse name 442909675
1225 110694264 0.0 0.0 ellipse name 110694264
1226 1030631600 0.0 0.0 ellipse name 1030631600
1227 315783172 0.0 0.0 ellipse name 315783172
1228 278700401 0.0 0.0 ellipse name 278700401
1229 1093009723 0.0 0.0 ellipse name 1093009723
1230 846950563 0.0 0.0 ellipse name 846950563
1231 482753224 0.0 0.0 ellipse name 482753224
1232 498709238 0.0 0.0 ellipse name 498709238
1233 759834054 0.0 0.0 ellipse name 759834054
1234 1052318594 0.0 0.0 ellipse name 1052318594
1235 309190895 0.0 0.0 ellipse name 309190895
1236 340860702 0.0 0.0 ellipse name 340860702
1237 794131008 0.0 0.0 ellipse name 794131008
1238 944405916 0.0 0.0 ellipse name 944405916
1239 355084246 0.0 0.0 ellipse name 355084246
1240 756435066 0.0 0.0 ellipse name 756435066
*edges
1 931 1.0
2 462 1.0
3 414 1.0
4 205 1.0
4 931 1.0
5 402 1.0
6 414 1.0
7 205 1.0
8 931 1.0
9 205 1.0
9 402 1.0
9 462 1.0
9 816 1.0
10 53 1.0
11 931 1.0
12 931 1.0
13 931 1.0
14 462 1.0
14 402 1.0
15 205 1.0
15 1008 1.0
15 462 1.0
15 402 1.0
15 931 1.0
16 931 1.0
17 205 1.0
18 205 1.0
18 462 1.0
18 402 1.0
18 931 1.0
19 402 1.0
20 205 1.0
21 205 1.0
21 402 1.0
21 931 1.0
22 931 1.0
22 302 1.0
22 326 1.0
22 56 1.0
22 816 1.0
22 414 1.0
23 53 1.0
24 462 1.0
25 931 1.0
26 931 1.0
27 931 1.0
28 205 1.0
29 205 1.0
29 462 1.0
29 931 1.0
30 205 1.0
31 205 1.0
32 931 1.0
33 205 1.0
34 402 1.0
35 402 1.0
35 414 1.0
35 931 1.0
36 414 1.0
37 816 1.0
38 816 1.0
39 931 1.0
40 205 1.0
41 462 1.0
41 931 1.0
42 326 1.0
42 462 1.0
42 931 1.0
43 205 1.0
44 205 1.0
45 462 1.0
46 402 1.0
46 462 1.0
46 816 1.0
46 931 1.0
47 205 1.0
48 205 1.0
49 462 1.0
50 402 1.0
51 931 1.0
52 205 1.0
53 968 1.0
53 940 1.0
53 783 1.0
53 1191 1.0
53 176 1.0
53 327 1.0
53 941 1.0
53 931 1.0
53 248 1.0
53 1163 1.0
53 698 1.0
53 560 1.0
53 174 1.0
53 65 1.0
53 719 1.0
53 566 1.0
53 1112 1.0
53 800 1.0
53 340 1.0
53 805 1.0
53 115 1.0
53 1085 1.0
53 1119 1.0
53 629 1.0
53 731 1.0
53 967 1.0
53 207 1.0
53 887 1.0
53 55 1.0
53 189 1.0
53 585 1.0
53 965 1.0
53 1129 1.0
53 545 1.0
53 1008 1.0
53 590 1.0
53 512 1.0
53 337 1.0
53 591 1.0
53 582 1.0
53 897 1.0
53 987 1.0
53 478 1.0
53 750 1.0
53 212 1.0
53 674 1.0
53 284 1.0
53 976 1.0
53 151 1.0
53 647 1.0
53 1145 1.0
53 840 1.0
53 150 1.0
53 611 1.0
53 726 1.0
53 683 1.0
53 916 1.0
53 1077 1.0
53 145 1.0
53 535 1.0
53 979 1.0
53 1190 1.0
53 1233 1.0
53 308 1.0
53 325 1.0
53 1088 1.0
53 313 1.0
53 222 1.0
53 114 1.0
54 931 1.0
56 546 1.0
56 804 1.0
56 931 1.0
56 509 1.0
56 326 1.0
56 558 1.0
56 791 1.0
56 197 1.0
56 402 1.0
56 414 1.0
56 114 1.0
56 1033 1.0
56 82 1.0
56 182 1.0
56 816 1.0
56 1008 1.0
56 1133 1.0
56 667 1.0
56 668 1.0
56 210 1.0
56 1214 1.0
56 284 1.0
56 759 1.0
56 205 1.0
56 360 1.0
56 72 1.0
56 302 1.0
56 534 1.0
56 864 1.0
56 228 1.0
56 462 1.0
56 314 1.0
57 462 1.0
58 931 1.0
59 205 1.0
60 205 1.0
61 402 1.0
62 205 1.0
62 462 1.0
62 931 1.0
63 205 1.0
63 462 1.0
64 462 1.0
64 931 1.0
66 402 1.0
67 462 1.0
67 931 1.0
68 302 1.0
69 205 1.0
70 205 1.0
70 931 1.0
70 816 1.0
70 326 1.0
70 462 1.0
70 402 1.0
71 931 1.0
72 205 1.0
72 931 1.0
72 816 1.0
72 462 1.0
72 402 1.0
73 205 1.0
73 462 1.0
74 205 1.0
75 205 1.0
76 402 1.0
77 205 1.0
78 462 1.0
79 931 1.0
80 414 1.0
80 931 1.0
81 205 1.0
81 462 1.0
81 402 1.0
81 414 1.0
81 931 1.0
82 326 1.0
82 816 1.0
82 414 1.0
82 931 1.0
83 205 1.0
84 205 1.0
84 402 1.0
84 462 1.0
84 816 1.0
84 931 1.0
85 931 1.0
86 205 1.0
87 402 1.0
88 205 1.0
88 931 1.0
89 205 1.0
90 205 1.0
91 205 1.0
92 931 1.0
93 414 1.0
94 931 1.0
95 205 1.0
96 462 1.0
97 205 1.0
97 931 1.0
97 816 1.0
97 302 1.0
97 462 1.0
97 402 1.0
98 205 1.0
99 205 1.0
100 205 1.0
101 205 1.0
102 205 1.0
103 931 1.0
104 931 1.0
105 205 1.0
105 462 1.0
105 931 1.0
106 462 1.0
106 931 1.0
107 931 1.0
108 326 1.0
108 931 1.0
109 205 1.0
109 931 1.0
110 402 1.0
111 931 1.0
112 931 1.0
113 931 1.0
114 1008 1.0
114 931 1.0
114 562 1.0
114 514 1.0
114 323 1.0
114 182 1.0
114 344 1.0
114 1012 1.0
114 767 1.0
114 284 1.0
114 719 1.0
114 377 1.0
114 291 1.0
114 619 1.0
114 838 1.0
116 302 1.0
117 205 1.0
117 402 1.0
117 931 1.0
118 931 1.0
119 931 1.0
120 462 1.0
121 931 1.0
122 205 1.0
122 462 1.0
122 402 1.0
123 205 1.0
124 205 1.0
124 402 1.0
124 462 1.0
124 816 1.0
124 931 1.0
125 205 1.0
126 205 1.0
126 462 1.0
126 931 1.0
127 816 1.0
128 462 1.0
128 931 1.0
129 205 1.0
129 462 1.0
129 931 1.0
130 205 1.0
130 931 1.0
130 816 1.0
130 302 1.0
130 326 1.0
130 462 1.0
130 402 1.0
131 462 1.0
131 402 1.0
132 402 1.0
133 205 1.0
133 462 1.0
133 931 1.0
134 462 1.0
135 414 1.0
136 205 1.0
136 931 1.0
137 205 1.0
138 205 1.0
138 402 1.0
139 462 1.0
139 931 1.0
140 205 1.0
141 931 1.0
142 414 1.0
143 205 1.0
143 462 1.0
143 402 1.0
143 931 1.0
144 931 1.0
146 931 1.0
147 931 1.0
148 205 1.0
149 205 1.0
149 462 1.0
149 402 1.0
152 205 1.0
153 205 1.0
154 931 1.0
155 402 1.0
156 205 1.0
156 931 1.0
157 462 1.0
157 931 1.0
158 931 1.0
159 205 1.0
160 462 1.0
160 402 1.0
161 205 1.0
162 462 1.0
163 205 1.0
164 462 1.0
165 205 1.0
165 326 1.0
165 816 1.0
165 414 1.0
165 931 1.0
166 205 1.0
167 205 1.0
168 402 1.0
169 205 1.0
169 402 1.0
169 462 1.0
169 816 1.0
169 931 1.0
170 205 1.0
171 205 1.0
171 931 1.0
172 205 1.0
172 402 1.0
172 931 1.0
173 462 1.0
173 931 1.0
175 205 1.0
177 205 1.0
178 402 1.0
179 462 1.0
179 931 1.0
180 931 1.0
181 205 1.0
182 205 1.0
182 1008 1.0
182 931 1.0
182 402 1.0
182 462 1.0
182 816 1.0
183 205 1.0
184 205 1.0
185 414 1.0
186 205 1.0
187 462 1.0
187 931 1.0
188 931 1.0
190 205 1.0
191 205 1.0
192 205 1.0
193 205 1.0
193 462 1.0
193 402 1.0
194 931 1.0
195 205 1.0
196 205 1.0
197 205 1.0
197 931 1.0
197 402 1.0
197 302 1.0
197 326 1.0
197 462 1.0
197 816 1.0
197 414 1.0
198 462 1.0
198 931 1.0
199 931 1.0
200 402 1.0
201 931 1.0
202 402 1.0
203 205 1.0
203 931 1.0
204 205 1.0
205 206 1.0
205 209 1.0
205 210 1.0
205 214 1.0
205 217 1.0
205 220 1.0
205 226 1.0
205 227 1.0
205 228 1.0
205 230 1.0
205 232 1.0
205 233 1.0
205 235 1.0
205 237 1.0
205 239 1.0
205 240 1.0
205 242 1.0
205 244 1.0
205 249 1.0
205 250 1.0
205 251 1.0
205 252 1.0
205 253 1.0
205 254 1.0
205 255 1.0
205 256 1.0
205 257 1.0
205 260 1.0
205 261 1.0
205 267 1.0
205 268 1.0
205 269 1.0
205 270 1.0
205 274 1.0
205 275 1.0
205 276 1.0
205 278 1.0
205 279 1.0
205 281 1.0
205 284 1.0
205 286 1.0
205 287 1.0
205 293 1.0
205 295 1.0
205 296 1.0
205 298 1.0
205 299 1.0
205 300 1.0
205 301 1.0
205 302 1.0
205 303 1.0
205 304 1.0
205 305 1.0
205 306 1.0
205 307 1.0
205 309 1.0
205 311 1.0
205 314 1.0
205 315 1.0
205 319 1.0
205 322 1.0
205 323 1.0
205 324 1.0
205 326 1.0
205 328 1.0
205 329 1.0
205 330 1.0
205 333 1.0
205 336 1.0
205 339 1.0
205 341 1.0
205 342 1.0
205 343 1.0
205 347 1.0
205 348 1.0
205 351 1.0
205 353 1.0
205 354 1.0
205 355 1.0
205 356 1.0
205 360 1.0
205 362 1.0
205 363 1.0
205 367 1.0
205 368 1.0
205 369 1.0
205 370 1.0
205 371 1.0
205 372 1.0
205 373 1.0
205 376 1.0
205 377 1.0
205 378 1.0
205 379 1.0
205 382 1.0
205 386 1.0
205 392 1.0
205 393 1.0
205 394 1.0
205 395 1.0
205 396 1.0
205 397 1.0
205 398 1.0
205 399 1.0
205 400 1.0
205 401 1.0
205 402 1.0
205 403 1.0
205 404 1.0
205 405 1.0
205 407 1.0
205 408 1.0
205 409 1.0
205 410 1.0
205 412 1.0
205 413 1.0
205 414 1.0
205 415 1.0
205 419 1.0
205 420 1.0
205 421 1.0
205 426 1.0
205 428 1.0
205 429 1.0
205 431 1.0
205 433 1.0
205 435 1.0
205 437 1.0
205 439 1.0
205 441 1.0
205 442 1.0
205 443 1.0
205 444 1.0
205 447 1.0
205 452 1.0
205 454 1.0
205 456 1.0
205 459 1.0
205 462 1.0
205 463 1.0
205 465 1.0
205 466 1.0
205 467 1.0
205 468 1.0
205 469 1.0
205 470 1.0
205 471 1.0
205 472 1.0
205 473 1.0
205 477 1.0
205 481 1.0
205 482 1.0
205 484 1.0
205 485 1.0
205 487 1.0
205 488 1.0
205 490 1.0
205 491 1.0
205 493 1.0
205 495 1.0
205 496 1.0
205 498 1.0
205 502 1.0
205 504 1.0
205 507 1.0
205 508 1.0
205 509 1.0
205 511 1.0
205 514 1.0
205 515 1.0
205 516 1.0
205 519 1.0
205 520 1.0
205 521 1.0
205 522 1.0
205 525 1.0
205 526 1.0
205 527 1.0
205 528 1.0
205 529 1.0
205 533 1.0
205 538 1.0
205 539 1.0
205 541 1.0
205 542 1.0
205 544 1.0
205 546 1.0
205 549 1.0
205 550 1.0
205 551 1.0
205 553 1.0
205 554 1.0
205 555 1.0
205 557 1.0
205 558 1.0
205 563 1.0
205 567 1.0
205 572 1.0
205 573 1.0
205 576 1.0
205 580 1.0
205 581 1.0
205 584 1.0
205 586 1.0
205 587 1.0
205 588 1.0
205 592 1.0
205 593 1.0
205 596 1.0
205 597 1.0
205 602 1.0
205 603 1.0
205 605 1.0
205 607 1.0
205 608 1.0
205 609 1.0
205 610 1.0
205 612 1.0
205 614 1.0
205 617 1.0
205 620 1.0
205 621 1.0
205 625 1.0
205 627 1.0
205 628 1.0
205 630 1.0
205 631 1.0
205 632 1.0
205 635 1.0
205 642 1.0
205 644 1.0
205 645 1.0
205 646 1.0
205 650 1.0
205 651 1.0
205 654 1.0
205 655 1.0
205 656 1.0
205 659 1.0
205 660 1.0
205 662 1.0
205 663 1.0
205 664 1.0
205 665 1.0
205 666 1.0
205 667 1.0
205 669 1.0
205 670 1.0
205 673 1.0
205 675 1.0
205 677 1.0
205 680 1.0
205 685 1.0
205 687 1.0
205 691 1.0
205 692 1.0
205 694 1.0
205 696 1.0
205 698 1.0
205 699 1.0
205 702 1.0
205 703 1.0
205 705 1.0
205 707 1.0
205 708 1.0
205 709 1.0
205 714 1.0
205 716 1.0
205 717 1.0
205 718 1.0
205 719 1.0
205 721 1.0
205 723 1.0
205 724 1.0
205 729 1.0
205 736 1.0
205 739 1.0
205 740 1.0
205 741 1.0
205 744 1.0
205 747 1.0
205 748 1.0
205 753 1.0
205 754 1.0
205 756 1.0
205 757 1.0
205 758 1.0
205 759 1.0
205 762 1.0
205 764 1.0
205 765 1.0
205 766 1.0
205 767 1.0
205 768 1.0
205 769 1.0
205 770 1.0
205 772 1.0
205 773 1.0
205 774 1.0
205 776 1.0
205 777 1.0
205 779 1.0
205 780 1.0
205 790 1.0
205 791 1.0
205 792 1.0
205 793 1.0
205 795 1.0
205 797 1.0
205 799 1.0
205 807 1.0
205 810 1.0
205 811 1.0
205 812 1.0
205 816 1.0
205 817 1.0
205 818 1.0
205 819 1.0
205 820 1.0
205 822 1.0
205 827 1.0
205 828 1.0
205 831 1.0
205 833 1.0
205 836 1.0
205 838 1.0
205 844 1.0
205 849 1.0
205 850 1.0
205 853 1.0
205 854 1.0
205 856 1.0
205 857 1.0
205 858 1.0
205 860 1.0
205 861 1.0
205 863 1.0
205 864 1.0
205 866 1.0
205 867 1.0
205 869 1.0
205 871 1.0
205 873 1.0
205 874 1.0
205 878 1.0
205 881 1.0
205 882 1.0
205 883 1.0
205 884 1.0
205 886 1.0
205 888 1.0
205 893 1.0
205 894 1.0
205 895 1.0
205 898 1.0
205 901 1.0
205 904 1.0
205 905 1.0
205 906 1.0
205 907 1.0
205 908 1.0
205 910 1.0
205 913 1.0
205 914 1.0
205 918 1.0
205 922 1.0
205 926 1.0
205 927 1.0
205 928 1.0
205 929 1.0
205 930 1.0
205 931 1.0
205 933 1.0
205 934 1.0
205 935 1.0
205 936 1.0
205 947 1.0
205 950 1.0
205 952 1.0
205 955 1.0
205 956 1.0
205 957 1.0
205 958 1.0
205 961 1.0
205 962 1.0
205 963 1.0
205 964 1.0
205 966 1.0
205 969 1.0
205 971 1.0
205 973 1.0
205 975 1.0
205 981 1.0
205 983 1.0
205 984 1.0
205 985 1.0
205 986 1.0
205 990 1.0
205 992 1.0
205 993 1.0
205 1001 1.0
205 1003 1.0
205 1004 1.0
205 1009 1.0
205 1010 1.0
205 1011 1.0
205 1012 1.0
205 1015 1.0
205 1022 1.0
205 1024 1.0
205 1025 1.0
205 1026 1.0
205 1027 1.0
205 1028 1.0
205 1029 1.0
205 1033 1.0
205 1037 1.0
205 1038 1.0
205 1042 1.0
205 1043 1.0
205 1044 1.0
205 1045 1.0
205 1046 1.0
205 1047 1.0
205 1049 1.0
205 1050 1.0
205 1051 1.0
205 1055 1.0
205 1059 1.0
205 1060 1.0
205 1061 1.0
205 1067 1.0
205 1072 1.0
205 1078 1.0
205 1082 1.0
205 1086 1.0
205 1087 1.0
205 1089 1.0
205 1090 1.0
205 1091 1.0
205 1093 1.0
205 1094 1.0
205 1097 1.0
205 1098 1.0
205 1100 1.0
205 1101 1.0
205 1102 1.0
205 1106 1.0
205 1107 1.0
205 1111 1.0
205 1116 1.0
205 1120 1.0
205 1121 1.0
205 1124 1.0
205 1126 1.0
205 1127 1.0
205 1128 1.0
205 1130 1.0
205 1133 1.0
205 1135 1.0
205 1136 1.0
205 1138 1.0
205 1140 1.0
205 1141 1.0
205 1142 1.0
205 1146 1.0
205 1156 1.0
205 1158 1.0
205 1159 1.0
205 1160 1.0
205 1162 1.0
205 1164 1.0
205 1166 1.0
205 1167 1.0
205 1168 1.0
205 1169 1.0
205 1171 1.0
205 1172 1.0
205 1174 1.0
205 1175 1.0
205 1179 1.0
205 1181 1.0
205 1182 1.0
205 1183 1.0
205 1184 1.0
205 1187 1.0
205 1188 1.0
205 1193 1.0
205 1194 1.0
205 1196 1.0
205 1197 1.0
205 1200 1.0
205 1201 1.0
205 1205 1.0
205 1206 1.0
205 1208 1.0
205 1212 1.0
205 1213 1.0
205 1214 1.0
205 1215 1.0
205 1217 1.0
205 1218 1.0
205 1220 1.0
205 1221 1.0
205 1222 1.0
205 1224 1.0
205 1227 1.0
205 1229 1.0
205 1230 1.0
205 1237 1.0
205 1240 1.0
208 931 1.0
210 1008 1.0
210 931 1.0
210 402 1.0
210 462 1.0
210 816 1.0
211 402 1.0
213 931 1.0
215 931 1.0
216 931 1.0
218 816 1.0
218 414 1.0
219 931 1.0
221 462 1.0
223 462 1.0
223 931 1.0
224 414 1.0
225 931 1.0
228 931 1.0
228 402 1.0
228 326 1.0
228 462 1.0
228 816 1.0
228 414 1.0
229 462 1.0
231 326 1.0
234 462 1.0
236 462 1.0
237 302 1.0
238 462 1.0
240 931 1.0
240 302 1.0
240 462 1.0
240 402 1.0
240 414 1.0
241 931 1.0
242 462 1.0
242 402 1.0
242 931 1.0
243 462 1.0
243 931 1.0
244 931 1.0
244 816 1.0
244 302 1.0
244 462 1.0
244 402 1.0
245 414 1.0
246 414 1.0
247 402 1.0
250 1008 1.0
250 931 1.0
250 402 1.0
250 326 1.0
250 462 1.0
250 816 1.0
250 414 1.0
253 402 1.0
253 462 1.0
253 816 1.0
253 931 1.0
258 402 1.0
259 931 1.0
262 931 1.0
263 816 1.0
264 402 1.0
265 414 1.0
265 931 1.0
266 816 1.0
267 462 1.0
267 402 1.0
267 931 1.0
271 402 1.0
271 931 1.0
272 462 1.0
273 462 1.0
275 302 1.0
275 462 1.0
275 931 1.0
276 462 1.0
276 931 1.0
277 402 1.0
280 931 1.0
282 931 1.0
283 462 1.0
284 1008 1.0
284 667 1.0
284 816 1.0
284 414 1.0
284 326 1.0
284 462 1.0
284 402 1.0
284 302 1.0
284 931 1.0
285 816 1.0
286 402 1.0
288 462 1.0
289 1008 1.0
289 462 1.0
289 414 1.0
289 931 1.0
290 402 1.0
291 1008 1.0
292 462 1.0
294 462 1.0
295 462 1.0
295 402 1.0
295 931 1.0
296 931 1.0
297 931 1.0
298 462 1.0
298 402 1.0
298 931 1.0
300 462 1.0
300 931 1.0
301 462 1.0
301 402 1.0
301 931 1.0
302 546 1.0
302 1171 1.0
302 931 1.0
302 551 1.0
302 310 1.0
302 326 1.0
302 476 1.0
302 791 1.0
302 328 1.0
302 702 1.0
302 947 1.0
302 402 1.0
302 414 1.0
302 312 1.0
302 1022 1.0
302 830 1.0
302 412 1.0
302 829 1.0
302 957 1.0
302 1009 1.0
302 559 1.0
302 1126 1.0
302 370 1.0
302 816 1.0
302 448 1.0
302 969 1.0
302 1105 1.0
302 1133 1.0
302 1007 1.0
302 1214 1.0
302 509 1.0
302 673 1.0
302 753 1.0
302 1221 1.0
302 950 1.0
302 526 1.0
302 659 1.0
302 1238 1.0
302 528 1.0
302 360 1.0
302 547 1.0
302 685 1.0
302 864 1.0
302 905 1.0
302 620 1.0
302 1038 1.0
302 587 1.0
302 904 1.0
302 1237 1.0
302 462 1.0
302 314 1.0
302 386 1.0
303 402 1.0
304 462 1.0
304 402 1.0
304 931 1.0
307 402 1.0
307 462 1.0
307 816 1.0
307 931 1.0
310 1008 1.0
310 931 1.0
310 326 1.0
310 402 1.0
310 414 1.0
311 931 1.0
314 931 1.0
314 402 1.0
314 326 1.0
314 462 1.0
314 816 1.0
314 414 1.0
315 462 1.0
315 402 1.0
315 931 1.0
316 462 1.0
317 931 1.0
318 462 1.0
319 462 1.0
319 402 1.0
319 931 1.0
320 326 1.0
321 931 1.0
323 931 1.0
326 1171 1.0
326 633 1.0
326 833 1.0
326 558 1.0
326 1006 1.0
326 402 1.0
326 414 1.0
326 719 1.0
326 875 1.0
326 451 1.0
326 1076 1.0
326 620 1.0
326 575 1.0
326 959 1.0
326 626 1.0
326 1176 1.0
326 816 1.0
326 834 1.0
326 969 1.0
326 1214 1.0
326 931 1.0
326 436 1.0
326 974 1.0
326 599 1.0
326 754 1.0
326 759 1.0
326 1164 1.0
326 909 1.0
326 449 1.0
326 365 1.0
326 360 1.0
326 1153 1.0
326 534 1.0
326 619 1.0
326 1234 1.0
326 1038 1.0
326 499 1.0
326 1237 1.0
326 462 1.0
326 792 1.0
328 414 1.0
328 931 1.0
330 462 1.0
331 414 1.0
332 462 1.0
333 402 1.0
334 402 1.0
335 462 1.0
336 462 1.0
338 816 1.0
342 931 1.0
344 1008 1.0
345 931 1.0
346 462 1.0
348 462 1.0
348 402 1.0
348 931 1.0
349 931 1.0
350 402 1.0
352 931 1.0
353 462 1.0
353 402 1.0
356 402 1.0
356 931 1.0
357 931 1.0
358 931 1.0
359 462 1.0
360 931 1.0
360 402 1.0
360 462 1.0
360 816 1.0
360 414 1.0
361 462 1.0
362 402 1.0
364 462 1.0
366 402 1.0
367 931 1.0
370 931 1.0
370 816 1.0
370 462 1.0
370 402 1.0
372 462 1.0
372 931 1.0
374 402 1.0
375 931 1.0
376 462 1.0
376 414 1.0
376 931 1.0
377 1008 1.0
377 462 1.0
377 931 1.0
378 816 1.0
378 931 1.0
380 402 1.0
381 931 1.0
383 414 1.0
384 1008 1.0
385 1008 1.0
386 931 1.0
386 816 1.0
386 462 1.0
386 402 1.0
387 414 1.0
388 402 1.0
389 402 1.0
390 1008 1.0
390 462 1.0
391 402 1.0
392 402 1.0
392 462 1.0
392 816 1.0
392 931 1.0
394 402 1.0
394 931 1.0
396 462 1.0
396 402 1.0
396 931 1.0
402 928 1.0
402 938 1.0
402 930 1.0
402 931 1.0
402 942 1.0
402 1104 1.0
402 934 1.0
402 936 1.0
402 943 1.0
402 944 1.0
402 644 1.0
402 950 1.0
402 1096 1.0
402 1013 1.0
402 954 1.0
402 837 1.0
402 659 1.0
402 846 1.0
402 969 1.0
402 970 1.0
402 649 1.0
402 673 1.0
402 957 1.0
402 956 1.0
402 1204 1.0
402 682 1.0
402 989 1.0
402 1205 1.0
402 1001 1.0
402 993 1.0
402 1021 1.0
402 990 1.0
402 1038 1.0
402 657 1.0
402 693 1.0
402 1079 1.0
402 1002 1.0
402 701 1.0
402 702 1.0
402 946 1.0
402 1009 1.0
402 1151 1.0
402 1159 1.0
402 1092 1.0
402 1018 1.0
402 747 1.0
402 717 1.0
402 1022 1.0
402 719 1.0
402 720 1.0
402 721 1.0
402 723 1.0
402 406 1.0
402 1028 1.0
402 410 1.0
402 412 1.0
402 732 1.0
402 733 1.0
402 418 1.0
402 626 1.0
402 1111 1.0
402 1046 1.0
402 1047 1.0
402 1049 1.0
402 741 1.0
402 1214 1.0
402 424 1.0
402 898 1.0
402 748 1.0
402 1062 1.0
402 754 1.0
402 699 1.0
402 441 1.0
402 759 1.0
402 761 1.0
402 655 1.0
402 864 1.0
402 767 1.0
402 457 1.0
402 417 1.0
402 685 1.0
402 1101 1.0
402 462 1.0
402 463 1.0
402 778 1.0
402 467 1.0
402 497 1.0
402 1098 1.0
402 786 1.0
402 787 1.0
402 546 1.0
402 905 1.0
402 790 1.0
402 692 1.0
402 1023 1.0
402 1017 1.0
402 414 1.0
402 1110 1.0
402 798 1.0
402 430 1.0
402 487 1.0
402 440 1.0
402 489 1.0
402 490 1.0
402 877 1.0
402 806 1.0
402 493 1.0
402 474 1.0
402 835 1.0
402 1123 1.0
402 1124 1.0
402 502 1.0
402 814 1.0
402 446 1.0
402 816 1.0
402 817 1.0
402 820 1.0
402 509 1.0
402 1132 1.0
402 1133 1.0
402 514 1.0
402 618 1.0
402 1135 1.0
402 1136 1.0
402 1063 1.0
402 836 1.0
402 838 1.0
402 914 1.0
402 841 1.0
402 843 1.0
402 534 1.0
402 536 1.0
402 713 1.0
402 538 1.0
402 809 1.0
402 690 1.0
402 614 1.0
402 1167 1.0
402 1171 1.0
402 549 1.0
402 833 1.0
402 558 1.0
402 1182 1.0
402 1184 1.0
402 1185 1.0
402 1186 1.0
402 919 1.0
402 876 1.0
402 895 1.0
402 879 1.0
402 882 1.0
402 883 1.0
402 695 1.0
402 889 1.0
402 438 1.0
402 1208 1.0
402 1212 1.0
402 1213 1.0
402 432 1.0
402 1058 1.0
402 1217 1.0
402 904 1.0
402 1221 1.0
402 906 1.0
402 605 1.0
402 703 1.0
402 1127 1.0
402 528 1.0
402 612 1.0
402 517 1.0
402 620 1.0
402 1147 1.0
402 587 1.0
402 1237 1.0
402 1238 1.0
402 1024 1.0
403 462 1.0
403 931 1.0
406 462 1.0
407 931 1.0
409 931 1.0
410 462 1.0
411 462 1.0
412 931 1.0
412 816 1.0
412 462 1.0
414 781 1.0
414 932 1.0
414 1097 1.0
414 784 1.0
414 833 1.0
414 1223 1.0
414 1178 1.0
414 1202 1.0
414 931 1.0
414 1189 1.0
414 727 1.0
414 1035 1.0
414 1144 1.0
414 972 1.0
414 888 1.0
414 738 1.0
414 816 1.0
414 536 1.0
414 1008 1.0
414 1133 1.0
414 667 1.0
414 668 1.0
414 898 1.0
414 749 1.0
414 540 1.0
414 436 1.0
414 902 1.0
414 1095 1.0
414 678 1.0
414 815 1.0
414 681 1.0
414 462 1.0
414 990 1.0
414 991 1.0
414 899 1.0
414 690 1.0
414 999 1.0
414 463 1.0
414 1076 1.0
414 792 1.0
415 462 1.0
416 931 1.0
418 462 1.0
418 931 1.0
419 931 1.0
422 462 1.0
423 462 1.0
425 931 1.0
427 462 1.0
427 931 1.0
429 462 1.0
434 931 1.0
441 816 1.0
441 931 1.0
442 462 1.0
442 931 1.0
445 816 1.0
446 462 1.0
446 931 1.0
449 462 1.0
449 931 1.0
450 816 1.0
453 462 1.0
455 462 1.0
458 462 1.0
460 931 1.0
461 931 1.0
462 1047 1.0
462 485 1.0
462 631 1.0
462 851 1.0
462 789 1.0
462 904 1.0
462 548 1.0
462 785 1.0
462 1021 1.0
462 523 1.0
462 1209 1.0
462 690 1.0
462 924 1.0
462 600 1.0
462 1080 1.0
462 648 1.0
462 1000 1.0
462 528 1.0
462 1014 1.0
462 715 1.0
462 882 1.0
462 1038 1.0
462 1060 1.0
462 1179 1.0
462 743 1.0
462 699 1.0
462 463 1.0
462 467 1.0
462 865 1.0
462 479 1.0
462 487 1.0
462 493 1.0
462 496 1.0
462 502 1.0
462 503 1.0
462 505 1.0
462 507 1.0
462 508 1.0
462 509 1.0
462 510 1.0
462 513 1.0
462 514 1.0
462 518 1.0
462 613 1.0
462 655 1.0
462 659 1.0
462 594 1.0
462 529 1.0
462 533 1.0
462 534 1.0
462 537 1.0
462 538 1.0
462 539 1.0
462 543 1.0
462 546 1.0
462 549 1.0
462 551 1.0
462 914 1.0
462 833 1.0
462 558 1.0
462 895 1.0
462 569 1.0
462 570 1.0
462 571 1.0
462 574 1.0
462 577 1.0
462 578 1.0
462 581 1.0
462 584 1.0
462 595 1.0
462 1068 1.0
462 605 1.0
462 1127 1.0
462 612 1.0
462 614 1.0
462 616 1.0
462 619 1.0
462 622 1.0
462 807 1.0
462 635 1.0
462 636 1.0
462 640 1.0
462 1122 1.0
462 1148 1.0
462 673 1.0
462 680 1.0
462 685 1.0
462 692 1.0
462 702 1.0
462 703 1.0
462 708 1.0
462 714 1.0
462 717 1.0
462 721 1.0
462 980 1.0
462 725 1.0
462 730 1.0
462 704 1.0
462 741 1.0
462 475 1.0
462 748 1.0
462 755 1.0
462 480 1.0
462 753 1.0
462 754 1.0
462 759 1.0
462 864 1.0
462 768 1.0
462 771 1.0
462 775 1.0
462 782 1.0
462 1143 1.0
462 788 1.0
462 790 1.0
462 791 1.0
462 1003 1.0
462 1006 1.0
462 1031 1.0
462 799 1.0
462 801 1.0
462 806 1.0
462 808 1.0
462 813 1.0
462 816 1.0
462 817 1.0
462 821 1.0
462 825 1.0
462 826 1.0
462 1231 1.0
462 832 1.0
462 836 1.0
462 838 1.0
462 841 1.0
462 845 1.0
462 850 1.0
462 561 1.0
462 862 1.0
462 870 1.0
462 880 1.0
462 883 1.0
462 891 1.0
462 896 1.0
462 898 1.0
462 905 1.0
462 906 1.0
462 587 1.0
462 928 1.0
462 930 1.0
462 931 1.0
462 932 1.0
462 933 1.0
462 934 1.0
462 941 1.0
462 947 1.0
462 948 1.0
462 950 1.0
462 951 1.0
462 957 1.0
462 958 1.0
462 966 1.0
462 969 1.0
462 903 1.0
462 919 1.0
462 956 1.0
462 990 1.0
462 1001 1.0
462 1005 1.0
462 823 1.0
462 1008 1.0
462 1009 1.0
462 1012 1.0
462 1020 1.0
462 1073 1.0
462 1022 1.0
462 1024 1.0
462 1028 1.0
462 1030 1.0
462 796 1.0
462 1039 1.0
462 1049 1.0
462 1051 1.0
462 1053 1.0
462 1056 1.0
462 1065 1.0
462 1069 1.0
462 1071 1.0
462 1072 1.0
462 1074 1.0
462 1090 1.0
462 1093 1.0
462 1094 1.0
462 1098 1.0
462 1026 1.0
462 1103 1.0
462 1109 1.0
462 1113 1.0
462 576 1.0
462 1228 1.0
462 747 1.0
462 745 1.0
462 536 1.0
462 1133 1.0
462 1135 1.0
462 1063 1.0
462 1146 1.0
462 679 1.0
462 1152 1.0
462 1158 1.0
462 1164 1.0
462 1171 1.0
462 1173 1.0
462 1126 1.0
462 1180 1.0
462 1182 1.0
462 1183 1.0
462 1184 1.0
462 1186 1.0
462 1188 1.0
462 1199 1.0
462 1200 1.0
462 1207 1.0
462 1208 1.0
462 1210 1.0
462 1212 1.0
462 1213 1.0
462 1214 1.0
462 1217 1.0
462 1221 1.0
462 1224 1.0
462 1225 1.0
462 1232 1.0
462 1235 1.0
462 1236 1.0
462 1237 1.0
462 1238 1.0
462 1240 1.0
463 931 1.0
464 931 1.0
467 816 1.0
483 1008 1.0
486 816 1.0
492 1008 1.0
493 816 1.0
493 931 1.0
494 931 1.0
496 931 1.0
499 931 1.0
500 931 1.0
501 931 1.0
506 816 1.0
508 931 1.0
509 931 1.0
509 816 1.0
510 931 1.0
515 931 1.0
522 816 1.0
523 816 1.0
523 931 1.0
524 816 1.0
528 931 1.0
528 816 1.0
529 816 1.0
529 931 1.0
530 931 1.0
531 931 1.0
532 816 1.0
533 931 1.0
534 931 1.0
534 816 1.0
536 1008 1.0
536 931 1.0
538 816 1.0
538 931 1.0
539 931 1.0
546 931 1.0
546 816 1.0
551 931 1.0
552 816 1.0
556 931 1.0
558 931 1.0
558 816 1.0
562 1008 1.0
564 931 1.0
565 931 1.0
568 931 1.0
571 931 1.0
572 931 1.0
579 931 1.0
581 931 1.0
583 931 1.0
587 931 1.0
589 931 1.0
598 816 1.0
601 931 1.0
602 931 1.0
604 931 1.0
605 816 1.0
605 931 1.0
606 1008 1.0
612 816 1.0
612 931 1.0
614 931 1.0
615 931 1.0
617 931 1.0
619 1008 1.0
619 931 1.0
623 931 1.0
624 931 1.0
631 931 1.0
634 931 1.0
635 931 1.0
637 931 1.0
638 931 1.0
639 931 1.0
641 931 1.0
643 1008 1.0
646 931 1.0
652 931 1.0
653 931 1.0
655 816 1.0
655 931 1.0
658 816 1.0
659 931 1.0
661 931 1.0
667 931 1.0
667 760 1.0
668 931 1.0
671 931 1.0
672 931 1.0
673 931 1.0
676 931 1.0
678 931 1.0
680 931 1.0
681 1008 1.0
681 931 1.0
684 931 1.0
685 931 1.0
686 931 1.0
688 1008 1.0
689 931 1.0
690 931 1.0
692 816 1.0
692 931 1.0
697 931 1.0
699 816 1.0
699 931 1.0
700 931 1.0
702 931 1.0
702 816 1.0
703 931 1.0
706 931 1.0
707 931 1.0
708 931 1.0
710 931 1.0
711 931 1.0
712 931 1.0
714 931 1.0
717 816 1.0
717 931 1.0
719 1008 1.0
719 931 1.0
722 816 1.0
728 931 1.0
734 931 1.0
735 931 1.0
737 931 1.0
738 931 1.0
741 816 1.0
741 931 1.0
742 931 1.0
744 931 1.0
746 816 1.0
747 931 1.0
749 1008 1.0
751 931 1.0
752 816 1.0
754 931 1.0
754 816 1.0
759 931 1.0
759 816 1.0
762 931 1.0
763 1008 1.0
768 816 1.0
768 931 1.0
787 931 1.0
790 816 1.0
790 931 1.0
791 816 1.0
792 816 1.0
792 931 1.0
794 931 1.0
795 931 1.0
802 816 1.0
803 931 1.0
809 816 1.0
814 816 1.0
815 931 1.0
816 928 1.0
816 931 1.0
816 934 1.0
816 883 1.0
816 950 1.0
816 953 1.0
816 957 1.0
816 936 1.0
816 988 1.0
816 990 1.0
816 1001 1.0
816 1021 1.0
816 994 1.0
816 1022 1.0
816 1028 1.0
816 1038 1.0
816 1040 1.0
816 1046 1.0
816 1075 1.0
816 1076 1.0
816 864 1.0
816 905 1.0
816 1124 1.0
816 1131 1.0
816 1133 1.0
816 1135 1.0
816 836 1.0
816 1126 1.0
816 1161 1.0
816 1164 1.0
816 1171 1.0
816 969 1.0
816 1192 1.0
816 912 1.0
816 890 1.0
816 1214 1.0
816 898 1.0
816 904 1.0
816 1221 1.0
816 1127 1.0
816 911 1.0
816 1237 1.0
817 931 1.0
820 1008 1.0
820 931 1.0
824 931 1.0
825 931 1.0
832 931 1.0
833 931 1.0
834 931 1.0
836 931 1.0
839 931 1.0
842 931 1.0
844 931 1.0
847 931 1.0
848 931 1.0
850 931 1.0
852 931 1.0
855 931 1.0
857 931 1.0
859 1008 1.0
863 931 1.0
864 931 1.0
868 931 1.0
872 931 1.0
877 931 1.0
882 931 1.0
883 931 1.0
885 931 1.0
892 931 1.0
894 931 1.0
896 931 1.0
898 931 1.0
900 931 1.0
904 931 1.0
905 931 1.0
906 931 1.0
914 931 1.0
915 931 1.0
917 931 1.0
920 1008 1.0
921 931 1.0
922 931 1.0
923 931 1.0
925 931 1.0
928 931 1.0
929 931 1.0
931 1035 1.0
931 960 1.0
931 1072 1.0
931 1000 1.0
931 977 1.0
931 1137 1.0
931 939 1.0
931 1070 1.0
931 1170 1.0
931 1038 1.0
931 942 1.0
931 1036 1.0
931 1139 1.0
931 1054 1.0
931 1084 1.0
931 1064 1.0
931 1127 1.0
931 945 1.0
931 1019 1.0
931 1155 1.0
931 1154 1.0
931 1006 1.0
931 1108 1.0
931 1216 1.0
931 978 1.0
931 1226 1.0
931 997 1.0
931 932 1.0
931 933 1.0
931 934 1.0
931 937 1.0
931 950 1.0
931 949 1.0
931 957 1.0
931 966 1.0
931 969 1.0
931 982 1.0
931 956 1.0
931 990 1.0
931 1001 1.0
931 1005 1.0
931 995 1.0
931 996 1.0
931 1008 1.0
931 1009 1.0
931 1022 1.0
931 1024 1.0
931 1028 1.0
931 1032 1.0
931 1034 1.0
931 1041 1.0
931 1049 1.0
931 1051 1.0
931 1052 1.0
931 1056 1.0
931 1057 1.0
931 1067 1.0
931 999 1.0
931 1066 1.0
931 1076 1.0
931 1083 1.0
931 1081 1.0
931 1086 1.0
931 1093 1.0
931 1094 1.0
931 1097 1.0
931 1098 1.0
931 1099 1.0
931 1110 1.0
931 1117 1.0
931 1118 1.0
931 998 1.0
931 1125 1.0
931 1133 1.0
931 1135 1.0
931 1136 1.0
931 1146 1.0
931 1149 1.0
931 1150 1.0
931 1157 1.0
931 1164 1.0
931 1165 1.0
931 1171 1.0
931 1173 1.0
931 1126 1.0
931 1182 1.0
931 1184 1.0
931 1186 1.0
931 1195 1.0
931 1198 1.0
931 1200 1.0
931 1203 1.0
931 1208 1.0
931 1211 1.0
931 1212 1.0
931 1213 1.0
931 1214 1.0
931 1217 1.0
931 1219 1.0
931 1221 1.0
931 1134 1.0
931 1229 1.0
931 1177 1.0
931 1235 1.0
931 1237 1.0
931 1238 1.0
931 1239 1.0
1008 1016 1.0
1008 1111 1.0
1008 1114 1.0
1008 1048 1.0
1008 1115 1.0
